2.653017145348712802e-05
2.653017145348712802e-05
2.653017145348712802e-05
2.653017145348712802e-05
2.653017145348712802e-05
2.653017145348712802e-05
2.653017145348712802e-05
-2.089913468807935715e-04
2.653017145348712802e-05
2.653017145348712802e-05
2.653017145348712802e-05
2.653017145348712802e-05
2.653017145348712802e-05
2.653017145348712802e-05
2.653017145348712802e-05
2.653017145348712802e-05
2.653017145348712802e-05
2.653017145348712802e-05
2.653017145348712802e-05
2.653017145348712802e-05
2.653017145348712802e-05
2.653017145348712802e-05
2.653017145348712802e-05
2.653017145348712802e-05
2.653017145348712802e-05
2.653017145348712802e-05
2.653017145348712802e-05
2.653017145348712802e-05
2.653017145348712802e-05
2.653017145348712802e-05
-6.980120670050382614e-04
2.653017145348712802e-05
2.653017145348712802e-05
2.653017145348712802e-05
2.653017145348712802e-05
2.653017145348712802e-05
2.653017145348712802e-05
2.653017145348712802e-05
2.653017145348712802e-05
2.653017145348712802e-05
2.653017145348712802e-05
2.653017145348712802e-05
2.653017145348712802e-05
2.653017145348712802e-05
2.653017145348712802e-05
2.653017145348712802e-05
2.653017145348712802e-05
2.653017145348712802e-05
2.653017145348712802e-05
2.653017145348712802e-05
2.653017145348712802e-05
2.653017145348712802e-05
2.653017145348712802e-05
2.653017145348712802e-05
2.653017145348712802e-05
2.653017145348712802e-05
2.653017145348712802e-05
2.653017145348712802e-05
2.653017145348712802e-05
2.653017145348712802e-05
2.653017145348712802e-05
2.653017145348712802e-05
2.653017145348712802e-05
2.653017145348712802e-05
2.653017145348712802e-05
2.653017145348712802e-05
2.653017145348712802e-05
2.653017145348712802e-05
2.653017145348712802e-05
2.653017145348712802e-05
2.653017145348712802e-05
2.653017145348712802e-05
2.653017145348712802e-05
2.653017145348712802e-05
2.653017145348712802e-05
2.653017145348712802e-05
2.653017145348712802e-05
2.653017145348712802e-05
2.653017145348712802e-05
2.653017145348712802e-05
2.653017145348712802e-05
2.653017145348712802e-05
2.653017145348712802e-05
2.653017145348712802e-05
2.653017145348712802e-05
2.653017145348712802e-05
2.653017145348712802e-05
2.653017145348712802e-05
2.653017145348712802e-05
2.653017145348712802e-05
2.653017145348712802e-05
2.653017145348712802e-05
2.653017145348712802e-05
2.653017145348712802e-05
2.653017145348712802e-05
2.653017145348712802e-05
2.653017145348712802e-05
2.653017145348712802e-05
2.653017145348712802e-05
2.653017145348712802e-05
2.653017145348712802e-05
2.653017145348712802e-05
2.653017145348712802e-05
2.653017145348712802e-05
2.653017145348712802e-05
2.653017145348712802e-05
2.653017145348712802e-05
2.653017145348712802e-05
2.653017145348712802e-05
2.653017145348712802e-05
2.653017145348712802e-05
2.653017145348712802e-05
2.653017145348712802e-05
2.653017145348712802e-05
2.653017145348712802e-05
2.653017145348712802e-05
2.653017145348712802e-05
2.653017145348712802e-05
2.653017145348712802e-05
2.653017145348712802e-05
2.653017145348712802e-05
2.653017145348712802e-05
2.653017145348712802e-05
2.653017145348712802e-05
2.653017145348712802e-05
2.653017145348712802e-05
2.653017145348712802e-05
2.653017145348712802e-05
2.653017145348712802e-05
2.653017145348712802e-05
-8.515960653312504292e-04
2.653017145348712802e-05
2.653017145348712802e-05
2.653017145348712802e-05
2.653017145348712802e-05
2.653017145348712802e-05
2.653017145348712802e-05
2.653017145348712802e-05
2.653017145348712802e-05
2.653017145348712802e-05
2.653017145348712802e-05
2.653017145348712802e-05
2.653017145348712802e-05
2.653017145348712802e-05
2.653017145348712802e-05
2.653017145348712802e-05
2.653017145348712802e-05
2.653017145348712802e-05
2.653017145348712802e-05
2.653017145348712802e-05
2.653017145348712802e-05
2.653017145348712802e-05
-4.123533290112391114e-05
2.653017145348712802e-05
2.653017145348712802e-05
2.653017145348712802e-05
2.653017145348712802e-05
2.653017145348712802e-05
2.653017145348712802e-05
2.653017145348712802e-05
2.653017145348712802e-05
2.653017145348712802e-05
2.653017145348712802e-05
2.653017145348712802e-05
2.653017145348712802e-05
2.928214962594211102e-04
2.653017145348712802e-05
2.653017145348712802e-05
2.653017145348712802e-05
2.653017145348712802e-05
2.653017145348712802e-05
2.653017145348712802e-05
2.653017145348712802e-05
2.653017145348712802e-05
2.653017145348712802e-05
2.653017145348712802e-05
2.653017145348712802e-05
2.653017145348712802e-05
2.653017145348712802e-05
2.653017145348712802e-05
2.653017145348712802e-05
2.653017145348712802e-05
2.653017145348712802e-05
2.653017145348712802e-05
2.653017145348712802e-05
2.653017145348712802e-05
2.653017145348712802e-05
2.653017145348712802e-05
2.653017145348712802e-05
2.653017145348712802e-05
2.653017145348712802e-05
2.653017145348712802e-05
2.653017145348712802e-05
2.653017145348712802e-05
2.653017145348712802e-05
2.653017145348712802e-05
2.653017145348712802e-05
2.653017145348712802e-05
2.653017145348712802e-05
2.653017145348712802e-05
-2.211670216638594866e-04
2.653017145348712802e-05
2.653017145348712802e-05
2.653017145348712802e-05
2.653017145348712802e-05
2.653017145348712802e-05
2.653017145348712802e-05
2.653017145348712802e-05
2.653017145348712802e-05
2.653017145348712802e-05
2.653017145348712802e-05
2.653017145348712802e-05
2.653017145348712802e-05
2.653017145348712802e-05
2.653017145348712802e-05
2.653017145348712802e-05
2.653017145348712802e-05
2.653017145348712802e-05
2.653017145348712802e-05
2.653017145348712802e-05
2.653017145348712802e-05
2.653017145348712802e-05
2.653017145348712802e-05
2.653017145348712802e-05
2.653017145348712802e-05
2.653017145348712802e-05
2.653017145348712802e-05
2.653017145348712802e-05
2.653017145348712802e-05
-4.299362190067768097e-04
2.653017145348712802e-05
2.653017145348712802e-05
2.653017145348712802e-05
2.653017145348712802e-05
2.653017145348712802e-05
2.653017145348712802e-05
2.653017145348712802e-05
2.653017145348712802e-05
2.653017145348712802e-05
2.653017145348712802e-05
2.653017145348712802e-05
2.653017145348712802e-05
2.653017145348712802e-05
2.653017145348712802e-05
2.653017145348712802e-05
2.653017145348712802e-05
2.653017145348712802e-05
-6.054251920431852341e-03
2.653017145348712802e-05
2.653017145348712802e-05
2.653017145348712802e-05
2.653017145348712802e-05
2.653017145348712802e-05
2.653017145348712802e-05
2.653017145348712802e-05
2.653017145348712802e-05
2.653017145348712802e-05
2.653017145348712802e-05
2.653017145348712802e-05
2.653017145348712802e-05
2.653017145348712802e-05
2.653017145348712802e-05
2.653017145348712802e-05
2.653017145348712802e-05
2.653017145348712802e-05
2.653017145348712802e-05
2.653017145348712802e-05
2.653017145348712802e-05
2.653017145348712802e-05
2.653017145348712802e-05
2.653017145348712802e-05
2.653017145348712802e-05
2.653017145348712802e-05
2.653017145348712802e-05
2.653017145348712802e-05
2.653017145348712802e-05
-8.733358699828386307e-04
2.653017145348712802e-05
2.653017145348712802e-05
2.653017145348712802e-05
2.653017145348712802e-05
2.653017145348712802e-05
2.653017145348712802e-05
2.653017145348712802e-05
2.653017145348712802e-05
2.653017145348712802e-05
2.653017145348712802e-05
2.653017145348712802e-05
2.653017145348712802e-05
2.653017145348712802e-05
2.653017145348712802e-05
2.653017145348712802e-05
2.653017145348712802e-05
2.653017145348712802e-05
-3.071042883675545454e-04
2.653017145348712802e-05
2.653017145348712802e-05
2.653017145348712802e-05
2.653017145348712802e-05
2.653017145348712802e-05
2.653017145348712802e-05
2.653017145348712802e-05
2.653017145348712802e-05
2.653017145348712802e-05
2.653017145348712802e-05
2.653017145348712802e-05
2.653017145348712802e-05
2.653017145348712802e-05
2.653017145348712802e-05
2.653017145348712802e-05
2.653017145348712802e-05
2.653017145348712802e-05
2.653017145348712802e-05
2.653017145348712802e-05
2.653017145348712802e-05
2.135077011189423501e-05
2.653017145348712802e-05
2.653017145348712802e-05
2.653017145348712802e-05
2.653017145348712802e-05
2.653017145348712802e-05
2.653017145348712802e-05
2.653017145348712802e-05
2.653017145348712802e-05
2.653017145348712802e-05
2.653017145348712802e-05
2.653017145348712802e-05
2.653017145348712802e-05
2.653017145348712802e-05
2.653017145348712802e-05
2.653017145348712802e-05
2.653017145348712802e-05
2.653017145348712802e-05
2.653017145348712802e-05
2.653017145348712802e-05
2.653017145348712802e-05
2.653017145348712802e-05
2.653017145348712802e-05
2.653017145348712802e-05
2.653017145348712802e-05
2.653017145348712802e-05
2.653017145348712802e-05
2.653017145348712802e-05
2.653017145348712802e-05
2.653017145348712802e-05
4.297024570405483246e-03
4.121847450733184814e-03
2.653017145348712802e-05
2.653017145348712802e-05
-1.100189751014113426e-03
2.653017145348712802e-05
2.653017145348712802e-05
2.653017145348712802e-05
2.653017145348712802e-05
2.653017145348712802e-05
2.653017145348712802e-05
2.653017145348712802e-05
2.653017145348712802e-05
2.653017145348712802e-05
2.653017145348712802e-05
2.653017145348712802e-05
2.653017145348712802e-05
2.653017145348712802e-05
2.653017145348712802e-05
2.653017145348712802e-05
2.653017145348712802e-05
2.653017145348712802e-05
2.653017145348712802e-05
2.653017145348712802e-05
-6.410116795450448990e-03
-1.029700739309191704e-03
2.653017145348712802e-05
-6.098980666138231754e-04
2.653017145348712802e-05
2.653017145348712802e-05
2.653017145348712802e-05
2.653017145348712802e-05
4.823949711862951517e-04
2.653017145348712802e-05
2.653017145348712802e-05
2.653017145348712802e-05
2.653017145348712802e-05
3.124189097434282303e-04
2.653017145348712802e-05
2.653017145348712802e-05
2.653017145348712802e-05
2.653017145348712802e-05
2.653017145348712802e-05
2.653017145348712802e-05
2.653017145348712802e-05
2.653017145348712802e-05
2.653017145348712802e-05
2.653017145348712802e-05
2.653017145348712802e-05
2.653017145348712802e-05
2.653017145348712802e-05
2.653017145348712802e-05
2.653017145348712802e-05
2.653017145348712802e-05
2.653017145348712802e-05
2.653017145348712802e-05
2.653017145348712802e-05
2.653017145348712802e-05
2.653017145348712802e-05
2.653017145348712802e-05
2.653017145348712802e-05
2.653017145348712802e-05
2.653017145348712802e-05
2.653017145348712802e-05
2.653017145348712802e-05
2.653017145348712802e-05
2.653017145348712802e-05
2.653017145348712802e-05
2.653017145348712802e-05
2.653017145348712802e-05
2.653017145348712802e-05
2.653017145348712802e-05
2.653017145348712802e-05
2.653017145348712802e-05
2.653017145348712802e-05
2.653017145348712802e-05
2.653017145348712802e-05
2.653017145348712802e-05
2.653017145348712802e-05
2.653017145348712802e-05
2.653017145348712802e-05
2.653017145348712802e-05
2.653017145348712802e-05
2.653017145348712802e-05
2.653017145348712802e-05
2.653017145348712802e-05
2.653017145348712802e-05
2.653017145348712802e-05
-6.567844684468582273e-05
2.653017145348712802e-05
2.653017145348712802e-05
2.653017145348712802e-05
2.653017145348712802e-05
2.653017145348712802e-05
2.653017145348712802e-05
2.653017145348712802e-05
2.653017145348712802e-05
2.653017145348712802e-05
2.653017145348712802e-05
2.653017145348712802e-05
2.653017145348712802e-05
2.653017145348712802e-05
2.653017145348712802e-05
2.653017145348712802e-05
2.653017145348712802e-05
2.653017145348712802e-05
2.653017145348712802e-05
2.653017145348712802e-05
2.653017145348712802e-05
2.653017145348712802e-05
2.653017145348712802e-05
2.653017145348712802e-05
2.653017145348712802e-05
2.653017145348712802e-05
2.653017145348712802e-05
2.653017145348712802e-05
2.653017145348712802e-05
2.653017145348712802e-05
2.653017145348712802e-05
2.653017145348712802e-05
2.653017145348712802e-05
2.653017145348712802e-05
-7.235109340399503708e-03
-1.367805816698819399e-04
2.653017145348712802e-05
2.653017145348712802e-05
2.653017145348712802e-05
2.653017145348712802e-05
2.653017145348712802e-05
2.653017145348712802e-05
2.653017145348712802e-05
2.653017145348712802e-05
2.653017145348712802e-05
2.653017145348712802e-05
2.653017145348712802e-05
2.653017145348712802e-05
2.653017145348712802e-05
2.653017145348712802e-05
2.653017145348712802e-05
2.653017145348712802e-05
2.653017145348712802e-05
2.653017145348712802e-05
2.653017145348712802e-05
2.653017145348712802e-05
2.653017145348712802e-05
2.653017145348712802e-05
2.653017145348712802e-05
2.653017145348712802e-05
2.653017145348712802e-05
2.653017145348712802e-05
2.653017145348712802e-05
2.653017145348712802e-05
2.653017145348712802e-05
2.653017145348712802e-05
2.653017145348712802e-05
4.618540115188807249e-04
-1.568439649417996407e-03
2.653017145348712802e-05
2.653017145348712802e-05
2.653017145348712802e-05
2.653017145348712802e-05
2.653017145348712802e-05
2.653017145348712802e-05
2.653017145348712802e-05
2.653017145348712802e-05
2.653017145348712802e-05
2.653017145348712802e-05
2.653017145348712802e-05
2.653017145348712802e-05
2.653017145348712802e-05
2.653017145348712802e-05
-1.920945360325276852e-04
2.653017145348712802e-05
2.653017145348712802e-05
2.653017145348712802e-05
2.653017145348712802e-05
2.653017145348712802e-05
2.653017145348712802e-05
2.653017145348712802e-05
2.653017145348712802e-05
2.653017145348712802e-05
2.653017145348712802e-05
2.653017145348712802e-05
2.653017145348712802e-05
2.653017145348712802e-05
2.653017145348712802e-05
2.653017145348712802e-05
2.653017145348712802e-05
2.653017145348712802e-05
2.653017145348712802e-05
2.653017145348712802e-05
2.653017145348712802e-05
7.373114931397140026e-05
1.381224719807505608e-04
2.653017145348712802e-05
2.653017145348712802e-05
2.653017145348712802e-05
2.653017145348712802e-05
2.653017145348712802e-05
2.653017145348712802e-05
2.653017145348712802e-05
2.653017145348712802e-05
2.653017145348712802e-05
2.653017145348712802e-05
2.653017145348712802e-05
2.653017145348712802e-05
2.653017145348712802e-05
2.653017145348712802e-05
2.653017145348712802e-05
2.653017145348712802e-05
2.653017145348712802e-05
2.653017145348712802e-05
2.653017145348712802e-05
2.653017145348712802e-05
2.653017145348712802e-05
2.653017145348712802e-05
2.413067559245973825e-04
2.653017145348712802e-05
2.653017145348712802e-05
2.653017145348712802e-05
2.653017145348712802e-05
2.653017145348712802e-05
2.653017145348712802e-05
-1.825939049012959003e-03
2.653017145348712802e-05
2.653017145348712802e-05
2.653017145348712802e-05
2.653017145348712802e-05
2.653017145348712802e-05
2.653017145348712802e-05
2.653017145348712802e-05
2.653017145348712802e-05
2.653017145348712802e-05
2.653017145348712802e-05
2.653017145348712802e-05
2.653017145348712802e-05
2.653017145348712802e-05
2.653017145348712802e-05
2.653017145348712802e-05
2.653017145348712802e-05
2.653017145348712802e-05
2.653017145348712802e-05
2.653017145348712802e-05
2.653017145348712802e-05
2.653017145348712802e-05
2.653017145348712802e-05
2.653017145348712802e-05
9.750640019774436951e-04
2.653017145348712802e-05
2.653017145348712802e-05
2.653017145348712802e-05
2.653017145348712802e-05
2.653017145348712802e-05
2.653017145348712802e-05
2.653017145348712802e-05
2.653017145348712802e-05
2.653017145348712802e-05
2.653017145348712802e-05
2.653017145348712802e-05
2.653017145348712802e-05
2.653017145348712802e-05
7.145261391997337341e-03
2.653017145348712802e-05
2.653017145348712802e-05
2.653017145348712802e-05
2.653017145348712802e-05
2.653017145348712802e-05
2.653017145348712802e-05
2.653017145348712802e-05
2.653017145348712802e-05
2.653017145348712802e-05
2.653017145348712802e-05
2.653017145348712802e-05
2.653017145348712802e-05
2.653017145348712802e-05
1.329840626567602158e-03
2.653017145348712802e-05
2.653017145348712802e-05
2.653017145348712802e-05
2.653017145348712802e-05
2.653017145348712802e-05
2.653017145348712802e-05
2.653017145348712802e-05
2.653017145348712802e-05
2.653017145348712802e-05
2.653017145348712802e-05
2.653017145348712802e-05
2.653017145348712802e-05
2.653017145348712802e-05
2.653017145348712802e-05
2.653017145348712802e-05
2.653017145348712802e-05
2.653017145348712802e-05
2.653017145348712802e-05
2.653017145348712802e-05
2.653017145348712802e-05
2.653017145348712802e-05
2.653017145348712802e-05
2.653017145348712802e-05
2.653017145348712802e-05
2.653017145348712802e-05
2.653017145348712802e-05
2.653017145348712802e-05
2.653017145348712802e-05
2.653017145348712802e-05
2.653017145348712802e-05
2.653017145348712802e-05
2.653017145348712802e-05
2.653017145348712802e-05
2.653017145348712802e-05
2.653017145348712802e-05
2.653017145348712802e-05
2.653017145348712802e-05
2.653017145348712802e-05
2.653017145348712802e-05
2.653017145348712802e-05
2.653017145348712802e-05
2.653017145348712802e-05
2.653017145348712802e-05
2.653017145348712802e-05
2.653017145348712802e-05
2.653017145348712802e-05
2.653017145348712802e-05
2.653017145348712802e-05
2.653017145348712802e-05
2.653017145348712802e-05
2.653017145348712802e-05
2.653017145348712802e-05
2.653017145348712802e-05
2.653017145348712802e-05
2.653017145348712802e-05
2.653017145348712802e-05
2.653017145348712802e-05
2.653017145348712802e-05
2.653017145348712802e-05
2.653017145348712802e-05
2.653017145348712802e-05
2.653017145348712802e-05
2.653017145348712802e-05
2.653017145348712802e-05
2.653017145348712802e-05
2.653017145348712802e-05
2.653017145348712802e-05
2.653017145348712802e-05
2.653017145348712802e-05
2.653017145348712802e-05
2.653017145348712802e-05
2.653017145348712802e-05
2.653017145348712802e-05
2.653017145348712802e-05
2.653017145348712802e-05
2.653017145348712802e-05
2.653017145348712802e-05
2.653017145348712802e-05
2.653017145348712802e-05
2.653017145348712802e-05
2.653017145348712802e-05
2.653017145348712802e-05
2.653017145348712802e-05
2.653017145348712802e-05
2.653017145348712802e-05
2.653017145348712802e-05
2.653017145348712802e-05
2.653017145348712802e-05
2.653017145348712802e-05
2.653017145348712802e-05
2.653017145348712802e-05
2.653017145348712802e-05
2.653017145348712802e-05
2.653017145348712802e-05
2.653017145348712802e-05
-4.915016470476984978e-04
2.653017145348712802e-05
2.653017145348712802e-05
2.653017145348712802e-05
2.653017145348712802e-05
2.653017145348712802e-05
2.653017145348712802e-05
2.653017145348712802e-05
2.653017145348712802e-05
2.653017145348712802e-05
2.653017145348712802e-05
2.653017145348712802e-05
2.653017145348712802e-05
2.653017145348712802e-05
2.653017145348712802e-05
2.653017145348712802e-05
2.653017145348712802e-05
2.653017145348712802e-05
2.653017145348712802e-05
2.653017145348712802e-05
2.653017145348712802e-05
2.653017145348712802e-05
2.653017145348712802e-05
2.653017145348712802e-05
2.653017145348712802e-05
2.653017145348712802e-05
2.653017145348712802e-05
2.653017145348712802e-05
2.653017145348712802e-05
2.653017145348712802e-05
2.653017145348712802e-05
-1.239186676684767008e-04
2.653017145348712802e-05
6.128575769253075123e-04
2.653017145348712802e-05
2.653017145348712802e-05
2.653017145348712802e-05
2.653017145348712802e-05
2.653017145348712802e-05
2.653017145348712802e-05
2.653017145348712802e-05
2.653017145348712802e-05
2.653017145348712802e-05
2.653017145348712802e-05
2.653017145348712802e-05
2.653017145348712802e-05
1.293414970859885216e-04
2.653017145348712802e-05
2.653017145348712802e-05
2.653017145348712802e-05
2.653017145348712802e-05
2.653017145348712802e-05
2.653017145348712802e-05
2.653017145348712802e-05
2.653017145348712802e-05
2.653017145348712802e-05
2.653017145348712802e-05
2.653017145348712802e-05
2.653017145348712802e-05
2.653017145348712802e-05
2.653017145348712802e-05
2.653017145348712802e-05
2.653017145348712802e-05
2.653017145348712802e-05
2.653017145348712802e-05
2.653017145348712802e-05
2.653017145348712802e-05
2.653017145348712802e-05
2.653017145348712802e-05
2.653017145348712802e-05
2.653017145348712802e-05
2.653017145348712802e-05
2.653017145348712802e-05
2.653017145348712802e-05
2.653017145348712802e-05
2.653017145348712802e-05
2.653017145348712802e-05
2.653017145348712802e-05
1.111633973778225482e-04
2.653017145348712802e-05
2.653017145348712802e-05
2.653017145348712802e-05
2.653017145348712802e-05
2.653017145348712802e-05
2.653017145348712802e-05
2.653017145348712802e-05
2.653017145348712802e-05
2.653017145348712802e-05
2.653017145348712802e-05
2.653017145348712802e-05
2.653017145348712802e-05
2.653017145348712802e-05
2.653017145348712802e-05
2.653017145348712802e-05
2.653017145348712802e-05
2.653017145348712802e-05
2.653017145348712802e-05
2.653017145348712802e-05
2.653017145348712802e-05
2.653017145348712802e-05
2.653017145348712802e-05
-6.114982534199953079e-04
2.653017145348712802e-05
2.653017145348712802e-05
2.653017145348712802e-05
2.653017145348712802e-05
2.653017145348712802e-05
2.653017145348712802e-05
2.653017145348712802e-05
2.653017145348712802e-05
2.653017145348712802e-05
2.653017145348712802e-05
2.653017145348712802e-05
-1.169709503301419318e-05
2.653017145348712802e-05
2.653017145348712802e-05
5.080749979242682457e-04
2.653017145348712802e-05
6.441405508667230606e-03
5.040746647864580154e-03
2.653017145348712802e-05
2.653017145348712802e-05
2.653017145348712802e-05
1.019614574033766985e-04
2.653017145348712802e-05
2.653017145348712802e-05
2.653017145348712802e-05
2.653017145348712802e-05
2.653017145348712802e-05
2.653017145348712802e-05
2.653017145348712802e-05
2.653017145348712802e-05
2.653017145348712802e-05
2.653017145348712802e-05
2.653017145348712802e-05
2.653017145348712802e-05
4.304178000893443823e-04
1.295614638365805149e-04
2.653017145348712802e-05
1.919497735798358917e-04
2.653017145348712802e-05
2.653017145348712802e-05
2.653017145348712802e-05
2.653017145348712802e-05
2.653017145348712802e-05
2.653017145348712802e-05
2.653017145348712802e-05
2.653017145348712802e-05
2.653017145348712802e-05
2.653017145348712802e-05
2.653017145348712802e-05
2.653017145348712802e-05
2.653017145348712802e-05
2.653017145348712802e-05
2.653017145348712802e-05
2.653017145348712802e-05
2.653017145348712802e-05
2.653017145348712802e-05
2.653017145348712802e-05
2.653017145348712802e-05
2.653017145348712802e-05
2.653017145348712802e-05
2.653017145348712802e-05
2.653017145348712802e-05
2.653017145348712802e-05
2.653017145348712802e-05
2.653017145348712802e-05
2.653017145348712802e-05
2.653017145348712802e-05
2.653017145348712802e-05
2.653017145348712802e-05
2.653017145348712802e-05
2.653017145348712802e-05
2.653017145348712802e-05
2.653017145348712802e-05
2.653017145348712802e-05
2.653017145348712802e-05
2.653017145348712802e-05
2.653017145348712802e-05
2.653017145348712802e-05
2.653017145348712802e-05
4.998925141990184784e-04
-6.468292849604040384e-05
2.653017145348712802e-05
2.653017145348712802e-05
2.653017145348712802e-05
2.653017145348712802e-05
2.653017145348712802e-05
2.653017145348712802e-05
2.653017145348712802e-05
2.653017145348712802e-05
2.653017145348712802e-05
2.653017145348712802e-05
2.653017145348712802e-05
2.653017145348712802e-05
2.653017145348712802e-05
2.653017145348712802e-05
2.653017145348712802e-05
2.653017145348712802e-05
2.653017145348712802e-05
2.653017145348712802e-05
2.653017145348712802e-05
2.653017145348712802e-05
2.653017145348712802e-05
2.653017145348712802e-05
2.653017145348712802e-05
2.653017145348712802e-05
2.653017145348712802e-05
2.653017145348712802e-05
-3.732154436875134706e-04
2.653017145348712802e-05
2.653017145348712802e-05
3.459455037955194712e-04
2.653017145348712802e-05
2.653017145348712802e-05
2.653017145348712802e-05
2.653017145348712802e-05
2.653017145348712802e-05
2.653017145348712802e-05
2.653017145348712802e-05
2.653017145348712802e-05
2.653017145348712802e-05
2.653017145348712802e-05
2.653017145348712802e-05
2.653017145348712802e-05
2.653017145348712802e-05
2.653017145348712802e-05
2.653017145348712802e-05
2.653017145348712802e-05
2.653017145348712802e-05
2.653017145348712802e-05
2.653017145348712802e-05
2.653017145348712802e-05
2.653017145348712802e-05
2.653017145348712802e-05
2.653017145348712802e-05
2.653017145348712802e-05
2.653017145348712802e-05
2.653017145348712802e-05
2.653017145348712802e-05
2.653017145348712802e-05
2.653017145348712802e-05
2.653017145348712802e-05
2.653017145348712802e-05
2.653017145348712802e-05
2.653017145348712802e-05
2.653017145348712802e-05
2.653017145348712802e-05
2.653017145348712802e-05
2.653017145348712802e-05
-3.813740040641278028e-04
2.653017145348712802e-05
2.653017145348712802e-05
2.653017145348712802e-05
2.653017145348712802e-05
2.653017145348712802e-05
2.653017145348712802e-05
2.653017145348712802e-05
2.653017145348712802e-05
2.653017145348712802e-05
2.653017145348712802e-05
2.653017145348712802e-05
2.653017145348712802e-05
2.653017145348712802e-05
2.653017145348712802e-05
2.653017145348712802e-05
2.653017145348712802e-05
2.653017145348712802e-05
2.653017145348712802e-05
2.653017145348712802e-05
2.653017145348712802e-05
2.653017145348712802e-05
2.653017145348712802e-05
2.653017145348712802e-05
2.653017145348712802e-05
2.653017145348712802e-05
2.653017145348712802e-05
2.653017145348712802e-05
2.653017145348712802e-05
2.653017145348712802e-05
2.653017145348712802e-05
2.164733363315463066e-03
2.653017145348712802e-05
2.653017145348712802e-05
2.653017145348712802e-05
4.524068936007097363e-05
2.653017145348712802e-05
1.075954292900860310e-03
2.653017145348712802e-05
2.653017145348712802e-05
2.653017145348712802e-05
2.653017145348712802e-05
2.653017145348712802e-05
2.653017145348712802e-05
2.653017145348712802e-05
2.653017145348712802e-05
2.653017145348712802e-05
2.653017145348712802e-05
7.956341723911464214e-04
2.653017145348712802e-05
2.653017145348712802e-05
2.653017145348712802e-05
2.653017145348712802e-05
2.653017145348712802e-05
2.653017145348712802e-05
2.653017145348712802e-05
2.653017145348712802e-05
2.653017145348712802e-05
2.653017145348712802e-05
2.653017145348712802e-05
2.653017145348712802e-05
-4.321407323004677892e-05
2.653017145348712802e-05
2.653017145348712802e-05
2.653017145348712802e-05
2.653017145348712802e-05
2.653017145348712802e-05
2.653017145348712802e-05
2.653017145348712802e-05
2.653017145348712802e-05
2.653017145348712802e-05
2.653017145348712802e-05
2.653017145348712802e-05
2.653017145348712802e-05
2.653017145348712802e-05
2.653017145348712802e-05
2.653017145348712802e-05
2.653017145348712802e-05
2.653017145348712802e-05
2.653017145348712802e-05
2.653017145348712802e-05
2.653017145348712802e-05
2.653017145348712802e-05
2.653017145348712802e-05
2.653017145348712802e-05
2.653017145348712802e-05
2.653017145348712802e-05
2.653017145348712802e-05
2.653017145348712802e-05
2.653017145348712802e-05
2.653017145348712802e-05
2.653017145348712802e-05
2.653017145348712802e-05
2.653017145348712802e-05
2.653017145348712802e-05
2.653017145348712802e-05
2.653017145348712802e-05
2.653017145348712802e-05
2.653017145348712802e-05
2.653017145348712802e-05
2.653017145348712802e-05
2.653017145348712802e-05
2.653017145348712802e-05
2.653017145348712802e-05
2.653017145348712802e-05
2.653017145348712802e-05
2.653017145348712802e-05
2.653017145348712802e-05
2.653017145348712802e-05
-4.199894028715789318e-04
6.804407166782766581e-05
2.653017145348712802e-05
1.183706335723400116e-04
2.653017145348712802e-05
2.653017145348712802e-05
2.653017145348712802e-05
2.653017145348712802e-05
-1.276131661143153906e-04
2.653017145348712802e-05
2.653017145348712802e-05
2.653017145348712802e-05
2.653017145348712802e-05
2.653017145348712802e-05
2.653017145348712802e-05
2.653017145348712802e-05
2.653017145348712802e-05
2.653017145348712802e-05
-1.135245838668197393e-05
2.653017145348712802e-05
2.653017145348712802e-05
2.653017145348712802e-05
2.653017145348712802e-05
2.653017145348712802e-05
2.653017145348712802e-05
2.653017145348712802e-05
2.653017145348712802e-05
2.653017145348712802e-05
5.387183045968413353e-04
2.653017145348712802e-05
1.148672890849411488e-03
2.653017145348712802e-05
2.653017145348712802e-05
2.653017145348712802e-05
2.653017145348712802e-05
2.653017145348712802e-05
2.653017145348712802e-05
2.653017145348712802e-05
2.653017145348712802e-05
2.653017145348712802e-05
2.653017145348712802e-05
2.653017145348712802e-05
2.653017145348712802e-05
2.653017145348712802e-05
2.653017145348712802e-05
2.653017145348712802e-05
2.653017145348712802e-05
2.653017145348712802e-05
2.653017145348712802e-05
-5.098258261568844318e-04
2.653017145348712802e-05
2.653017145348712802e-05
2.653017145348712802e-05
2.653017145348712802e-05
2.653017145348712802e-05
2.653017145348712802e-05
2.653017145348712802e-05
2.653017145348712802e-05
2.653017145348712802e-05
2.653017145348712802e-05
2.653017145348712802e-05
2.653017145348712802e-05
-8.495651418343186378e-04
2.653017145348712802e-05
2.653017145348712802e-05
2.778212656266987324e-04
2.653017145348712802e-05
2.653017145348712802e-05
2.653017145348712802e-05
2.653017145348712802e-05
2.653017145348712802e-05
2.653017145348712802e-05
-1.674390630796551704e-03
2.653017145348712802e-05
2.653017145348712802e-05
2.653017145348712802e-05
2.653017145348712802e-05
2.653017145348712802e-05
2.653017145348712802e-05
2.653017145348712802e-05
2.653017145348712802e-05
2.653017145348712802e-05
2.653017145348712802e-05
2.653017145348712802e-05
-3.081734757870435715e-04
2.653017145348712802e-05
2.653017145348712802e-05
2.653017145348712802e-05
2.653017145348712802e-05
2.653017145348712802e-05
2.653017145348712802e-05
2.653017145348712802e-05
2.653017145348712802e-05
2.653017145348712802e-05
2.653017145348712802e-05
2.653017145348712802e-05
2.653017145348712802e-05
2.653017145348712802e-05
2.653017145348712802e-05
2.653017145348712802e-05
2.653017145348712802e-05
2.653017145348712802e-05
2.653017145348712802e-05
2.653017145348712802e-05
2.653017145348712802e-05
2.653017145348712802e-05
2.653017145348712802e-05
2.653017145348712802e-05
2.653017145348712802e-05
2.653017145348712802e-05
2.653017145348712802e-05
2.653017145348712802e-05
2.653017145348712802e-05
2.653017145348712802e-05
2.653017145348712802e-05
2.653017145348712802e-05
2.653017145348712802e-05
2.653017145348712802e-05
2.653017145348712802e-05
2.653017145348712802e-05
2.653017145348712802e-05
2.653017145348712802e-05
2.653017145348712802e-05
2.653017145348712802e-05
2.653017145348712802e-05
2.653017145348712802e-05
2.653017145348712802e-05
-7.923239900264889002e-05
2.653017145348712802e-05
2.653017145348712802e-05
2.653017145348712802e-05
2.653017145348712802e-05
2.653017145348712802e-05
2.653017145348712802e-05
2.653017145348712802e-05
2.653017145348712802e-05
2.653017145348712802e-05
2.653017145348712802e-05
2.653017145348712802e-05
2.653017145348712802e-05
2.653017145348712802e-05
2.653017145348712802e-05
2.653017145348712802e-05
2.653017145348712802e-05
2.653017145348712802e-05
-8.897978113964200020e-05
-2.698513562791049480e-04
2.653017145348712802e-05
2.653017145348712802e-05
6.618318147957324982e-04
2.653017145348712802e-05
2.653017145348712802e-05
-1.192534044384956360e-01
2.653017145348712802e-05
2.653017145348712802e-05
2.653017145348712802e-05
2.653017145348712802e-05
2.653017145348712802e-05
2.653017145348712802e-05
2.653017145348712802e-05
2.653017145348712802e-05
2.653017145348712802e-05
2.653017145348712802e-05
2.653017145348712802e-05
2.653017145348712802e-05
2.653017145348712802e-05
2.653017145348712802e-05
2.653017145348712802e-05
2.653017145348712802e-05
2.653017145348712802e-05
2.653017145348712802e-05
2.653017145348712802e-05
2.653017145348712802e-05
2.653017145348712802e-05
2.653017145348712802e-05
2.653017145348712802e-05
2.653017145348712802e-05
-7.358004339039325714e-03
2.653017145348712802e-05
2.653017145348712802e-05
2.653017145348712802e-05
2.653017145348712802e-05
2.653017145348712802e-05
2.653017145348712802e-05
2.653017145348712802e-05
2.653017145348712802e-05
2.653017145348712802e-05
2.653017145348712802e-05
-2.625831257319077849e-06
2.653017145348712802e-05
2.653017145348712802e-05
2.653017145348712802e-05
2.653017145348712802e-05
2.653017145348712802e-05
2.653017145348712802e-05
2.653017145348712802e-05
2.653017145348712802e-05
2.653017145348712802e-05
2.653017145348712802e-05
-4.704290040535852313e-05
2.653017145348712802e-05
2.653017145348712802e-05
2.653017145348712802e-05
2.653017145348712802e-05
2.653017145348712802e-05
2.653017145348712802e-05
2.653017145348712802e-05
2.653017145348712802e-05
2.653017145348712802e-05
2.653017145348712802e-05
2.653017145348712802e-05
2.653017145348712802e-05
2.653017145348712802e-05
2.653017145348712802e-05
2.653017145348712802e-05
2.653017145348712802e-05
2.653017145348712802e-05
-1.061522416421212256e-04
2.653017145348712802e-05
2.653017145348712802e-05
2.653017145348712802e-05
2.653017145348712802e-05
2.653017145348712802e-05
2.653017145348712802e-05
7.301078643649816513e-03
2.653017145348712802e-05
2.653017145348712802e-05
2.653017145348712802e-05
2.653017145348712802e-05
2.653017145348712802e-05
2.653017145348712802e-05
2.653017145348712802e-05
2.653017145348712802e-05
2.653017145348712802e-05
2.653017145348712802e-05
6.383378058671951294e-05
2.653017145348712802e-05
2.653017145348712802e-05
2.653017145348712802e-05
2.653017145348712802e-05
2.653017145348712802e-05
2.653017145348712802e-05
2.653017145348712802e-05
2.653017145348712802e-05
2.653017145348712802e-05
2.653017145348712802e-05
2.653017145348712802e-05
4.403203274705447257e-05
2.653017145348712802e-05
2.653017145348712802e-05
2.653017145348712802e-05
2.653017145348712802e-05
2.653017145348712802e-05
2.653017145348712802e-05
3.642458468675613403e-03
2.653017145348712802e-05
2.653017145348712802e-05
2.653017145348712802e-05
2.653017145348712802e-05
2.653017145348712802e-05
2.653017145348712802e-05
2.653017145348712802e-05
2.653017145348712802e-05
2.653017145348712802e-05
2.653017145348712802e-05
2.653017145348712802e-05
2.653017145348712802e-05
2.653017145348712802e-05
2.653017145348712802e-05
2.653017145348712802e-05
-4.662710125558078289e-04
2.653017145348712802e-05
2.653017145348712802e-05
2.653017145348712802e-05
2.653017145348712802e-05
2.653017145348712802e-05
2.653017145348712802e-05
2.653017145348712802e-05
2.653017145348712802e-05
2.653017145348712802e-05
2.653017145348712802e-05
2.653017145348712802e-05
2.653017145348712802e-05
2.653017145348712802e-05
2.653017145348712802e-05
2.653017145348712802e-05
2.653017145348712802e-05
2.653017145348712802e-05
2.653017145348712802e-05
2.653017145348712802e-05
2.653017145348712802e-05
2.653017145348712802e-05
2.653017145348712802e-05
2.653017145348712802e-05
2.653017145348712802e-05
2.653017145348712802e-05
2.653017145348712802e-05
2.653017145348712802e-05
2.653017145348712802e-05
2.653017145348712802e-05
2.653017145348712802e-05
2.653017145348712802e-05
2.653017145348712802e-05
2.653017145348712802e-05
2.653017145348712802e-05
2.653017145348712802e-05
2.653017145348712802e-05
2.653017145348712802e-05
2.653017145348712802e-05
2.653017145348712802e-05
2.653017145348712802e-05
2.653017145348712802e-05
2.653017145348712802e-05
2.653017145348712802e-05
2.653017145348712802e-05
2.653017145348712802e-05
2.653017145348712802e-05
2.653017145348712802e-05
2.653017145348712802e-05
2.653017145348712802e-05
2.653017145348712802e-05
2.653017145348712802e-05
2.653017145348712802e-05
2.653017145348712802e-05
2.653017145348712802e-05
2.653017145348712802e-05
2.653017145348712802e-05
2.653017145348712802e-05
2.653017145348712802e-05
-4.041466454509645700e-04
2.653017145348712802e-05
2.653017145348712802e-05
2.653017145348712802e-05
2.653017145348712802e-05
2.653017145348712802e-05
2.653017145348712802e-05
2.653017145348712802e-05
2.653017145348712802e-05
-5.718129687011241913e-04
2.771668951027095318e-04
2.653017145348712802e-05
2.653017145348712802e-05
2.653017145348712802e-05
2.653017145348712802e-05
-3.015188267454504967e-04
2.653017145348712802e-05
8.902498666429892182e-05
2.653017145348712802e-05
-2.422317629680037498e-04
2.653017145348712802e-05
4.453951492905616760e-03
2.653017145348712802e-05
2.653017145348712802e-05
-1.262938312720507383e-04
-5.325289675965905190e-04
2.653017145348712802e-05
2.653017145348712802e-05
2.653017145348712802e-05
-1.852191612124443054e-02
2.653017145348712802e-05
-1.477854311815463006e-06
2.653017145348712802e-05
2.653017145348712802e-05
2.653017145348712802e-05
2.653017145348712802e-05
2.653017145348712802e-05
2.653017145348712802e-05
-4.108559223823249340e-04
2.653017145348712802e-05
2.653017145348712802e-05
2.653017145348712802e-05
2.653017145348712802e-05
2.653017145348712802e-05
2.653017145348712802e-05
2.653017145348712802e-05
2.653017145348712802e-05
2.653017145348712802e-05
2.653017145348712802e-05
-7.697763387113809586e-03
2.653017145348712802e-05
2.653017145348712802e-05
2.653017145348712802e-05
2.653017145348712802e-05
2.653017145348712802e-05
2.653017145348712802e-05
-3.203407675027847290e-02
2.653017145348712802e-05
-8.760634809732437134e-03
2.653017145348712802e-05
-4.473364388104528189e-04
2.653017145348712802e-05
2.653017145348712802e-05
2.653017145348712802e-05
2.653017145348712802e-05
2.653017145348712802e-05
2.653017145348712802e-05
2.653017145348712802e-05
-2.791410312056541443e-03
2.653017145348712802e-05
2.653017145348712802e-05
2.653017145348712802e-05
2.653017145348712802e-05
2.653017145348712802e-05
2.653017145348712802e-05
5.477831000462174416e-04
2.653017145348712802e-05
2.653017145348712802e-05
2.653017145348712802e-05
2.389764413237571716e-03
2.653017145348712802e-05
2.653017145348712802e-05
2.653017145348712802e-05
2.653017145348712802e-05
2.653017145348712802e-05
-2.132474444806575775e-02
2.653017145348712802e-05
2.653017145348712802e-05
2.653017145348712802e-05
2.653017145348712802e-05
2.653017145348712802e-05
2.653017145348712802e-05
-2.282724156975746155e-02
-2.421931130811572075e-03
2.653017145348712802e-05
2.653017145348712802e-05
-1.116204002755694091e-04
2.653017145348712802e-05
2.653017145348712802e-05
2.653017145348712802e-05
2.653017145348712802e-05
-2.980603463947772980e-02
-2.956369332969188690e-02
-3.613075613975524902e-02
2.653017145348712802e-05
-4.674597829580307007e-02
1.298097148537635803e-02
2.955842064693570137e-03
1.779446261934936047e-03
3.871074644848704338e-03
-4.272313788533210754e-03
5.060300230979919434e-02
-9.279348887503147125e-04
5.738924723118543625e-03
4.546983109321445227e-04
2.653017145348712802e-05
2.653017145348712802e-05
2.653017145348712802e-05
-1.780142192728817463e-03
-1.884706690907478333e-02
-1.363593153655529022e-02
-1.902697724290192127e-03
5.567805841565132141e-03
-1.352145243436098099e-02
2.653017145348712802e-05
3.653386957012116909e-04
5.701886402675881982e-05
2.653017145348712802e-05
2.653017145348712802e-05
2.653017145348712802e-05
2.653017145348712802e-05
2.653017145348712802e-05
-1.567551284097135067e-03
1.287801377475261688e-02
7.495608588214963675e-05
2.653017145348712802e-05
2.653017145348712802e-05
2.653017145348712802e-05
2.653017145348712802e-05
2.653017145348712802e-05
1.961705507710576057e-03
2.653017145348712802e-05
2.653017145348712802e-05
1.244150195270776749e-02
-1.454602752346545458e-04
2.653017145348712802e-05
-5.522998981177806854e-05
2.653017145348712802e-05
2.653017145348712802e-05
2.653017145348712802e-05
8.144389837980270386e-03
2.653017145348712802e-05
2.653017145348712802e-05
2.653017145348712802e-05
2.653017145348712802e-05
2.653017145348712802e-05
2.653017145348712802e-05
2.653017145348712802e-05
2.653017145348712802e-05
2.653017145348712802e-05
2.653017145348712802e-05
2.653017145348712802e-05
2.653017145348712802e-05
2.906741108745336533e-03
2.653017145348712802e-05
2.653017145348712802e-05
2.653017145348712802e-05
2.653017145348712802e-05
2.653017145348712802e-05
7.069144630804657936e-04
2.653017145348712802e-05
2.653017145348712802e-05
2.653017145348712802e-05
2.653017145348712802e-05
2.653017145348712802e-05
2.653017145348712802e-05
2.653017145348712802e-05
2.653017145348712802e-05
2.653017145348712802e-05
2.653017145348712802e-05
2.653017145348712802e-05
2.653017145348712802e-05
2.653017145348712802e-05
2.653017145348712802e-05
2.653017145348712802e-05
2.653017145348712802e-05
2.653017145348712802e-05
2.653017145348712802e-05
2.653017145348712802e-05
-8.050572068896144629e-05
2.653017145348712802e-05
2.653017145348712802e-05
-1.056170556694269180e-03
2.653017145348712802e-05
2.653017145348712802e-05
2.653017145348712802e-05
2.653017145348712802e-05
1.005162368528544903e-03
2.653017145348712802e-05
2.653017145348712802e-05
2.653017145348712802e-05
2.653017145348712802e-05
2.653017145348712802e-05
2.653017145348712802e-05
2.653017145348712802e-05
2.653017145348712802e-05
2.653017145348712802e-05
2.653017145348712802e-05
2.653017145348712802e-05
2.653017145348712802e-05
2.653017145348712802e-05
2.653017145348712802e-05
2.653017145348712802e-05
2.653017145348712802e-05
2.653017145348712802e-05
2.653017145348712802e-05
2.653017145348712802e-05
2.653017145348712802e-05
2.653017145348712802e-05
2.653017145348712802e-05
2.653017145348712802e-05
2.653017145348712802e-05
2.653017145348712802e-05
2.653017145348712802e-05
2.653017145348712802e-05
-4.757154383696615696e-04
2.653017145348712802e-05
2.653017145348712802e-05
2.653017145348712802e-05
2.653017145348712802e-05
2.653017145348712802e-05
2.653017145348712802e-05
2.653017145348712802e-05
2.653017145348712802e-05
2.653017145348712802e-05
2.653017145348712802e-05
2.653017145348712802e-05
2.653017145348712802e-05
2.653017145348712802e-05
2.653017145348712802e-05
-2.730728592723608017e-04
2.653017145348712802e-05
2.653017145348712802e-05
2.653017145348712802e-05
2.653017145348712802e-05
2.653017145348712802e-05
2.653017145348712802e-05
2.653017145348712802e-05
2.653017145348712802e-05
-7.734994142083451152e-06
2.653017145348712802e-05
2.653017145348712802e-05
2.653017145348712802e-05
2.653017145348712802e-05
2.653017145348712802e-05
1.454095909139141440e-04
2.653017145348712802e-05
2.653017145348712802e-05
2.653017145348712802e-05
2.653017145348712802e-05
2.653017145348712802e-05
2.653017145348712802e-05
2.653017145348712802e-05
-5.086825112812221050e-04
2.653017145348712802e-05
2.653017145348712802e-05
2.578860730864107609e-04
2.653017145348712802e-05
2.653017145348712802e-05
2.653017145348712802e-05
2.653017145348712802e-05
2.653017145348712802e-05
1.089598299586214125e-04
2.653017145348712802e-05
2.653017145348712802e-05
2.653017145348712802e-05
2.653017145348712802e-05
2.653017145348712802e-05
2.653017145348712802e-05
2.653017145348712802e-05
2.653017145348712802e-05
2.653017145348712802e-05
2.653017145348712802e-05
2.653017145348712802e-05
2.653017145348712802e-05
2.653017145348712802e-05
2.653017145348712802e-05
2.653017145348712802e-05
2.653017145348712802e-05
2.653017145348712802e-05
2.653017145348712802e-05
2.653017145348712802e-05
2.653017145348712802e-05
2.653017145348712802e-05
2.653017145348712802e-05
2.653017145348712802e-05
2.653017145348712802e-05
2.653017145348712802e-05
2.653017145348712802e-05
2.653017145348712802e-05
2.653017145348712802e-05
2.653017145348712802e-05
2.653017145348712802e-05
2.653017145348712802e-05
2.653017145348712802e-05
2.653017145348712802e-05
2.653017145348712802e-05
2.653017145348712802e-05
2.653017145348712802e-05
2.653017145348712802e-05
2.653017145348712802e-05
2.653017145348712802e-05
-2.618372382130473852e-04
2.653017145348712802e-05
2.653017145348712802e-05
2.653017145348712802e-05
2.653017145348712802e-05
2.653017145348712802e-05
2.653017145348712802e-05
2.653017145348712802e-05
2.653017145348712802e-05
2.653017145348712802e-05
2.653017145348712802e-05
2.653017145348712802e-05
9.768945164978504181e-04
3.870457876473665237e-04
2.653017145348712802e-05
2.653017145348712802e-05
2.653017145348712802e-05
-1.376967993564903736e-03
2.653017145348712802e-05
1.778574660420417786e-03
-4.440399789018556476e-05
2.653017145348712802e-05
2.653017145348712802e-05
2.653017145348712802e-05
4.620913823600858450e-04
2.653017145348712802e-05
2.653017145348712802e-05
2.653017145348712802e-05
2.653017145348712802e-05
2.653017145348712802e-05
2.653017145348712802e-05
2.653017145348712802e-05
2.653017145348712802e-05
2.653017145348712802e-05
2.653017145348712802e-05
2.653017145348712802e-05
2.653017145348712802e-05
2.653017145348712802e-05
2.653017145348712802e-05
2.653017145348712802e-05
2.653017145348712802e-05
2.653017145348712802e-05
2.653017145348712802e-05
2.653017145348712802e-05
2.653017145348712802e-05
2.653017145348712802e-05
2.653017145348712802e-05
2.653017145348712802e-05
2.653017145348712802e-05
2.653017145348712802e-05
2.653017145348712802e-05
2.653017145348712802e-05
2.653017145348712802e-05
2.653017145348712802e-05
2.653017145348712802e-05
2.653017145348712802e-05
2.653017145348712802e-05
2.653017145348712802e-05
2.653017145348712802e-05
2.653017145348712802e-05
2.653017145348712802e-05
2.653017145348712802e-05
2.653017145348712802e-05
2.653017145348712802e-05
2.653017145348712802e-05
2.653017145348712802e-05
2.653017145348712802e-05
2.653017145348712802e-05
2.653017145348712802e-05
2.653017145348712802e-05
2.653017145348712802e-05
2.653017145348712802e-05
2.653017145348712802e-05
2.653017145348712802e-05
2.653017145348712802e-05
2.653017145348712802e-05
2.653017145348712802e-05
2.653017145348712802e-05
2.653017145348712802e-05
2.653017145348712802e-05
2.653017145348712802e-05
2.653017145348712802e-05
2.653017145348712802e-05
2.653017145348712802e-05
2.653017145348712802e-05
2.653017145348712802e-05
2.653017145348712802e-05
2.653017145348712802e-05
2.653017145348712802e-05
2.653017145348712802e-05
2.653017145348712802e-05
2.653017145348712802e-05
2.653017145348712802e-05
2.653017145348712802e-05
2.653017145348712802e-05
2.653017145348712802e-05
2.653017145348712802e-05
2.653017145348712802e-05
2.653017145348712802e-05
2.653017145348712802e-05
2.653017145348712802e-05
2.653017145348712802e-05
