2.653017145348712802e-05
2.653017145348712802e-05
2.653017145348712802e-05
2.653017145348712802e-05
2.653017145348712802e-05
2.653017145348712802e-05
2.653017145348712802e-05
-1.255738898180425167e-04
2.653017145348712802e-05
2.653017145348712802e-05
2.653017145348712802e-05
2.653017145348712802e-05
2.653017145348712802e-05
2.653017145348712802e-05
2.653017145348712802e-05
2.653017145348712802e-05
2.653017145348712802e-05
2.653017145348712802e-05
2.653017145348712802e-05
2.653017145348712802e-05
2.653017145348712802e-05
-9.704822878120467067e-05
2.653017145348712802e-05
2.653017145348712802e-05
2.653017145348712802e-05
2.653017145348712802e-05
2.653017145348712802e-05
2.653017145348712802e-05
2.653017145348712802e-05
2.653017145348712802e-05
2.653017145348712802e-05
2.653017145348712802e-05
2.653017145348712802e-05
2.653017145348712802e-05
-1.279577729292213917e-03
2.653017145348712802e-05
2.653017145348712802e-05
2.653017145348712802e-05
2.653017145348712802e-05
2.653017145348712802e-05
-7.271955255419015884e-04
2.653017145348712802e-05
2.653017145348712802e-05
2.653017145348712802e-05
2.653017145348712802e-05
2.653017145348712802e-05
2.653017145348712802e-05
2.653017145348712802e-05
2.653017145348712802e-05
2.653017145348712802e-05
2.653017145348712802e-05
2.653017145348712802e-05
2.653017145348712802e-05
2.653017145348712802e-05
2.653017145348712802e-05
2.653017145348712802e-05
2.653017145348712802e-05
-7.904022000730037689e-03
2.653017145348712802e-05
2.653017145348712802e-05
2.653017145348712802e-05
2.653017145348712802e-05
2.653017145348712802e-05
2.653017145348712802e-05
2.653017145348712802e-05
2.653017145348712802e-05
2.653017145348712802e-05
2.653017145348712802e-05
2.653017145348712802e-05
2.653017145348712802e-05
2.653017145348712802e-05
2.653017145348712802e-05
2.653017145348712802e-05
2.653017145348712802e-05
2.653017145348712802e-05
2.653017145348712802e-05
2.653017145348712802e-05
2.653017145348712802e-05
2.653017145348712802e-05
2.653017145348712802e-05
2.653017145348712802e-05
2.653017145348712802e-05
2.653017145348712802e-05
2.653017145348712802e-05
2.653017145348712802e-05
2.653017145348712802e-05
2.653017145348712802e-05
2.653017145348712802e-05
2.653017145348712802e-05
2.653017145348712802e-05
1.960855908691883087e-03
2.653017145348712802e-05
2.653017145348712802e-05
2.653017145348712802e-05
2.653017145348712802e-05
2.653017145348712802e-05
2.653017145348712802e-05
2.653017145348712802e-05
2.653017145348712802e-05
2.653017145348712802e-05
2.653017145348712802e-05
2.653017145348712802e-05
2.653017145348712802e-05
2.653017145348712802e-05
2.653017145348712802e-05
2.653017145348712802e-05
2.653017145348712802e-05
2.653017145348712802e-05
2.653017145348712802e-05
2.653017145348712802e-05
2.653017145348712802e-05
2.653017145348712802e-05
2.653017145348712802e-05
2.653017145348712802e-05
2.653017145348712802e-05
2.653017145348712802e-05
2.653017145348712802e-05
2.653017145348712802e-05
2.653017145348712802e-05
2.653017145348712802e-05
2.653017145348712802e-05
2.653017145348712802e-05
2.653017145348712802e-05
2.653017145348712802e-05
2.653017145348712802e-05
2.653017145348712802e-05
2.653017145348712802e-05
2.653017145348712802e-05
2.653017145348712802e-05
2.653017145348712802e-05
2.653017145348712802e-05
2.653017145348712802e-05
2.653017145348712802e-05
2.653017145348712802e-05
2.653017145348712802e-05
2.653017145348712802e-05
2.653017145348712802e-05
2.653017145348712802e-05
2.653017145348712802e-05
2.653017145348712802e-05
2.653017145348712802e-05
2.653017145348712802e-05
2.653017145348712802e-05
2.653017145348712802e-05
2.653017145348712802e-05
2.653017145348712802e-05
2.653017145348712802e-05
2.653017145348712802e-05
2.653017145348712802e-05
2.653017145348712802e-05
2.653017145348712802e-05
2.653017145348712802e-05
2.653017145348712802e-05
2.653017145348712802e-05
2.653017145348712802e-05
2.653017145348712802e-05
2.653017145348712802e-05
2.653017145348712802e-05
2.653017145348712802e-05
2.653017145348712802e-05
2.653017145348712802e-05
2.653017145348712802e-05
2.653017145348712802e-05
2.653017145348712802e-05
2.653017145348712802e-05
2.653017145348712802e-05
2.653017145348712802e-05
2.653017145348712802e-05
2.653017145348712802e-05
2.653017145348712802e-05
2.653017145348712802e-05
2.653017145348712802e-05
2.653017145348712802e-05
2.653017145348712802e-05
2.653017145348712802e-05
2.653017145348712802e-05
2.653017145348712802e-05
2.653017145348712802e-05
2.653017145348712802e-05
2.653017145348712802e-05
2.653017145348712802e-05
2.653017145348712802e-05
2.653017145348712802e-05
2.653017145348712802e-05
2.653017145348712802e-05
2.653017145348712802e-05
2.653017145348712802e-05
2.653017145348712802e-05
2.469685859978199005e-04
2.653017145348712802e-05
2.653017145348712802e-05
2.653017145348712802e-05
2.653017145348712802e-05
2.653017145348712802e-05
2.653017145348712802e-05
2.653017145348712802e-05
2.653017145348712802e-05
2.653017145348712802e-05
2.653017145348712802e-05
2.653017145348712802e-05
2.653017145348712802e-05
2.653017145348712802e-05
2.653017145348712802e-05
2.653017145348712802e-05
2.653017145348712802e-05
2.653017145348712802e-05
2.653017145348712802e-05
2.653017145348712802e-05
2.653017145348712802e-05
2.653017145348712802e-05
2.653017145348712802e-05
2.653017145348712802e-05
2.653017145348712802e-05
2.653017145348712802e-05
2.653017145348712802e-05
2.653017145348712802e-05
2.653017145348712802e-05
2.653017145348712802e-05
2.653017145348712802e-05
2.653017145348712802e-05
2.653017145348712802e-05
2.653017145348712802e-05
2.653017145348712802e-05
2.653017145348712802e-05
2.653017145348712802e-05
2.653017145348712802e-05
2.653017145348712802e-05
2.653017145348712802e-05
2.653017145348712802e-05
2.653017145348712802e-05
2.653017145348712802e-05
2.653017145348712802e-05
2.653017145348712802e-05
2.653017145348712802e-05
2.653017145348712802e-05
2.653017145348712802e-05
2.653017145348712802e-05
2.653017145348712802e-05
2.653017145348712802e-05
2.653017145348712802e-05
2.653017145348712802e-05
2.653017145348712802e-05
2.653017145348712802e-05
2.653017145348712802e-05
2.653017145348712802e-05
2.653017145348712802e-05
2.653017145348712802e-05
2.653017145348712802e-05
2.653017145348712802e-05
2.653017145348712802e-05
2.653017145348712802e-05
2.653017145348712802e-05
2.653017145348712802e-05
2.653017145348712802e-05
2.653017145348712802e-05
2.653017145348712802e-05
2.653017145348712802e-05
2.653017145348712802e-05
2.653017145348712802e-05
2.653017145348712802e-05
2.653017145348712802e-05
2.653017145348712802e-05
2.653017145348712802e-05
2.653017145348712802e-05
2.653017145348712802e-05
2.653017145348712802e-05
2.653017145348712802e-05
2.653017145348712802e-05
2.653017145348712802e-05
2.653017145348712802e-05
2.653017145348712802e-05
2.653017145348712802e-05
2.653017145348712802e-05
2.653017145348712802e-05
2.653017145348712802e-05
2.653017145348712802e-05
2.653017145348712802e-05
2.653017145348712802e-05
2.653017145348712802e-05
2.653017145348712802e-05
2.653017145348712802e-05
2.653017145348712802e-05
2.653017145348712802e-05
2.653017145348712802e-05
2.653017145348712802e-05
2.653017145348712802e-05
2.653017145348712802e-05
2.653017145348712802e-05
2.653017145348712802e-05
2.653017145348712802e-05
2.653017145348712802e-05
2.653017145348712802e-05
2.653017145348712802e-05
2.653017145348712802e-05
2.653017145348712802e-05
2.653017145348712802e-05
2.653017145348712802e-05
2.653017145348712802e-05
2.653017145348712802e-05
2.653017145348712802e-05
-2.367568376939743757e-04
2.653017145348712802e-05
2.653017145348712802e-05
9.968285448849201202e-04
2.653017145348712802e-05
1.936186163220554590e-04
2.653017145348712802e-05
2.653017145348712802e-05
3.305444493889808655e-03
2.653017145348712802e-05
2.653017145348712802e-05
2.653017145348712802e-05
1.800131576601415873e-04
2.653017145348712802e-05
2.653017145348712802e-05
2.653017145348712802e-05
2.653017145348712802e-05
2.653017145348712802e-05
-5.188687937334179878e-04
2.653017145348712802e-05
2.653017145348712802e-05
2.653017145348712802e-05
2.653017145348712802e-05
2.653017145348712802e-05
2.653017145348712802e-05
2.653017145348712802e-05
2.653017145348712802e-05
2.653017145348712802e-05
2.653017145348712802e-05
2.653017145348712802e-05
2.653017145348712802e-05
2.653017145348712802e-05
2.653017145348712802e-05
2.653017145348712802e-05
2.653017145348712802e-05
2.653017145348712802e-05
2.653017145348712802e-05
2.653017145348712802e-05
2.653017145348712802e-05
2.653017145348712802e-05
2.653017145348712802e-05
2.653017145348712802e-05
2.653017145348712802e-05
2.653017145348712802e-05
2.653017145348712802e-05
2.653017145348712802e-05
-3.899022471159696579e-03
2.653017145348712802e-05
2.653017145348712802e-05
2.653017145348712802e-05
2.653017145348712802e-05
2.653017145348712802e-05
1.266387698706239462e-04
2.653017145348712802e-05
-2.989168860949575901e-04
2.653017145348712802e-05
-6.046060298103839159e-05
2.653017145348712802e-05
-4.007208335679024458e-04
-1.125911730923689902e-04
-1.669979887083172798e-03
2.653017145348712802e-05
2.653017145348712802e-05
-4.462946963030844927e-04
2.653017145348712802e-05
2.653017145348712802e-05
2.653017145348712802e-05
2.653017145348712802e-05
2.653017145348712802e-05
9.162094444036483765e-02
2.653017145348712802e-05
2.653017145348712802e-05
2.653017145348712802e-05
2.653017145348712802e-05
9.844251908361911774e-03
2.653017145348712802e-05
2.653017145348712802e-05
2.653017145348712802e-05
2.653017145348712802e-05
2.653017145348712802e-05
1.723828259855508804e-03
2.653017145348712802e-05
-1.405544672161340714e-02
2.653017145348712802e-05
2.653017145348712802e-05
2.653017145348712802e-05
2.653017145348712802e-05
5.994422826915979385e-03
2.653017145348712802e-05
2.653017145348712802e-05
-9.134574793279170990e-04
-9.455709950998425484e-04
2.653017145348712802e-05
2.653017145348712802e-05
-1.047600293532013893e-03
-1.228512497618794441e-03
3.357902402058243752e-03
2.653017145348712802e-05
2.653017145348712802e-05
2.653017145348712802e-05
2.653017145348712802e-05
2.653017145348712802e-05
2.653017145348712802e-05
2.653017145348712802e-05
2.653017145348712802e-05
2.653017145348712802e-05
2.653017145348712802e-05
2.653017145348712802e-05
2.653017145348712802e-05
2.653017145348712802e-05
1.839732751250267029e-02
2.653017145348712802e-05
2.653017145348712802e-05
2.653017145348712802e-05
2.653017145348712802e-05
2.653017145348712802e-05
2.653017145348712802e-05
2.653017145348712802e-05
2.653017145348712802e-05
2.653017145348712802e-05
-1.354614738374948502e-03
2.653017145348712802e-05
2.653017145348712802e-05
2.653017145348712802e-05
2.653017145348712802e-05
2.653017145348712802e-05
2.653017145348712802e-05
2.653017145348712802e-05
2.653017145348712802e-05
2.653017145348712802e-05
1.285749312955886126e-04
2.653017145348712802e-05
2.653017145348712802e-05
2.653017145348712802e-05
2.653017145348712802e-05
2.653017145348712802e-05
-4.529932630248367786e-05
2.653017145348712802e-05
2.653017145348712802e-05
2.653017145348712802e-05
2.653017145348712802e-05
2.653017145348712802e-05
2.653017145348712802e-05
1.622440991923213005e-03
2.653017145348712802e-05
2.653017145348712802e-05
1.144695794209837914e-03
2.653017145348712802e-05
2.653017145348712802e-05
2.653017145348712802e-05
2.653017145348712802e-05
2.653017145348712802e-05
2.653017145348712802e-05
2.653017145348712802e-05
2.653017145348712802e-05
2.653017145348712802e-05
-7.894878945080563426e-05
2.653017145348712802e-05
2.653017145348712802e-05
2.653017145348712802e-05
2.653017145348712802e-05
2.653017145348712802e-05
2.653017145348712802e-05
2.653017145348712802e-05
2.653017145348712802e-05
2.653017145348712802e-05
2.653017145348712802e-05
2.653017145348712802e-05
2.653017145348712802e-05
2.653017145348712802e-05
2.653017145348712802e-05
2.653017145348712802e-05
2.653017145348712802e-05
2.653017145348712802e-05
2.653017145348712802e-05
2.653017145348712802e-05
2.653017145348712802e-05
2.653017145348712802e-05
2.653017145348712802e-05
2.653017145348712802e-05
2.653017145348712802e-05
2.653017145348712802e-05
8.290265686810016632e-03
5.029881373047828674e-03
2.653017145348712802e-05
2.653017145348712802e-05
2.653017145348712802e-05
3.894986002705991268e-04
2.653017145348712802e-05
-1.211520633660256863e-03
-4.529315629042685032e-05
-1.002062344923615456e-05
2.653017145348712802e-05
2.653017145348712802e-05
-5.899046664126217365e-04
-1.968034193851053715e-04
2.653017145348712802e-05
2.653017145348712802e-05
2.653017145348712802e-05
1.340938499197363853e-03
2.653017145348712802e-05
2.653017145348712802e-05
-5.334450543159618974e-05
2.653017145348712802e-05
2.653017145348712802e-05
-1.132035860791802406e-03
2.653017145348712802e-05
2.653017145348712802e-05
2.653017145348712802e-05
2.653017145348712802e-05
2.653017145348712802e-05
2.653017145348712802e-05
2.653017145348712802e-05
2.653017145348712802e-05
2.653017145348712802e-05
9.694009087979793549e-03
2.653017145348712802e-05
2.653017145348712802e-05
2.653017145348712802e-05
2.653017145348712802e-05
-2.386718522757291794e-03
2.653017145348712802e-05
2.653017145348712802e-05
2.653017145348712802e-05
2.653017145348712802e-05
2.653017145348712802e-05
1.506599131971597672e-03
2.653017145348712802e-05
2.653017145348712802e-05
2.653017145348712802e-05
2.653017145348712802e-05
2.653017145348712802e-05
2.653017145348712802e-05
9.317173971794545650e-04
2.653017145348712802e-05
3.560490673407912254e-03
2.653017145348712802e-05
2.925206441432237625e-03
2.653017145348712802e-05
2.653017145348712802e-05
2.653017145348712802e-05
2.416752977296710014e-04
2.382747770752757788e-04
2.653017145348712802e-05
-5.479775136336684227e-04
2.653017145348712802e-05
2.653017145348712802e-05
2.653017145348712802e-05
2.653017145348712802e-05
2.653017145348712802e-05
2.653017145348712802e-05
2.653017145348712802e-05
-4.279432760085910559e-04
2.653017145348712802e-05
2.653017145348712802e-05
2.653017145348712802e-05
1.743372413329780102e-04
-1.984356204047799110e-03
2.653017145348712802e-05
2.653017145348712802e-05
2.653017145348712802e-05
2.653017145348712802e-05
2.653017145348712802e-05
2.653017145348712802e-05
2.653017145348712802e-05
-2.105086459778249264e-04
2.653017145348712802e-05
2.653017145348712802e-05
2.653017145348712802e-05
2.653017145348712802e-05
6.397344404831528664e-04
2.653017145348712802e-05
2.653017145348712802e-05
2.653017145348712802e-05
5.357527406886219978e-04
2.653017145348712802e-05
2.653017145348712802e-05
1.183558604680001736e-03
2.211719984188675880e-04
2.653017145348712802e-05
2.653017145348712802e-05
2.653017145348712802e-05
2.653017145348712802e-05
2.653017145348712802e-05
2.653017145348712802e-05
2.653017145348712802e-05
2.653017145348712802e-05
2.653017145348712802e-05
2.653017145348712802e-05
2.653017145348712802e-05
-6.135664880275726318e-04
2.653017145348712802e-05
2.653017145348712802e-05
2.653017145348712802e-05
2.653017145348712802e-05
2.653017145348712802e-05
2.653017145348712802e-05
2.653017145348712802e-05
2.220994429080747068e-05
2.653017145348712802e-05
2.653017145348712802e-05
2.653017145348712802e-05
-3.007496707141399384e-04
2.653017145348712802e-05
2.653017145348712802e-05
2.653017145348712802e-05
2.653017145348712802e-05
2.653017145348712802e-05
2.653017145348712802e-05
2.653017145348712802e-05
2.653017145348712802e-05
2.653017145348712802e-05
2.653017145348712802e-05
2.653017145348712802e-05
2.653017145348712802e-05
2.653017145348712802e-05
2.653017145348712802e-05
2.653017145348712802e-05
2.653017145348712802e-05
2.653017145348712802e-05
2.653017145348712802e-05
2.653017145348712802e-05
2.653017145348712802e-05
2.653017145348712802e-05
2.653017145348712802e-05
2.653017145348712802e-05
2.653017145348712802e-05
2.653017145348712802e-05
2.653017145348712802e-05
2.653017145348712802e-05
2.653017145348712802e-05
2.653017145348712802e-05
2.653017145348712802e-05
2.653017145348712802e-05
2.653017145348712802e-05
2.653017145348712802e-05
2.653017145348712802e-05
2.653017145348712802e-05
2.653017145348712802e-05
2.653017145348712802e-05
2.653017145348712802e-05
2.653017145348712802e-05
2.653017145348712802e-05
2.653017145348712802e-05
2.653017145348712802e-05
2.653017145348712802e-05
2.653017145348712802e-05
2.653017145348712802e-05
2.653017145348712802e-05
2.653017145348712802e-05
2.653017145348712802e-05
2.653017145348712802e-05
2.653017145348712802e-05
1.256463117897510529e-03
2.653017145348712802e-05
2.653017145348712802e-05
2.653017145348712802e-05
2.653017145348712802e-05
2.653017145348712802e-05
2.653017145348712802e-05
2.653017145348712802e-05
2.653017145348712802e-05
2.653017145348712802e-05
2.653017145348712802e-05
2.653017145348712802e-05
2.653017145348712802e-05
2.653017145348712802e-05
2.653017145348712802e-05
2.653017145348712802e-05
2.653017145348712802e-05
2.653017145348712802e-05
2.653017145348712802e-05
2.653017145348712802e-05
2.653017145348712802e-05
2.653017145348712802e-05
-1.011007771012373269e-04
2.653017145348712802e-05
2.653017145348712802e-05
2.653017145348712802e-05
2.653017145348712802e-05
2.653017145348712802e-05
2.653017145348712802e-05
2.653017145348712802e-05
2.653017145348712802e-05
2.653017145348712802e-05
2.653017145348712802e-05
-9.618282638257369399e-05
2.653017145348712802e-05
2.653017145348712802e-05
2.653017145348712802e-05
2.653017145348712802e-05
2.653017145348712802e-05
1.669952471274882555e-04
-4.887731483904644847e-05
2.653017145348712802e-05
2.653017145348712802e-05
2.653017145348712802e-05
2.653017145348712802e-05
1.481308136135339737e-04
2.653017145348712802e-05
2.653017145348712802e-05
1.331643667072057724e-03
2.361382590606808662e-03
2.653017145348712802e-05
2.653017145348712802e-05
2.653017145348712802e-05
2.653017145348712802e-05
2.653017145348712802e-05
2.653017145348712802e-05
2.653017145348712802e-05
2.653017145348712802e-05
2.653017145348712802e-05
-1.288380008190870285e-04
2.653017145348712802e-05
2.653017145348712802e-05
2.653017145348712802e-05
2.653017145348712802e-05
2.653017145348712802e-05
2.653017145348712802e-05
2.653017145348712802e-05
2.653017145348712802e-05
2.653017145348712802e-05
2.653017145348712802e-05
2.653017145348712802e-05
2.653017145348712802e-05
2.653017145348712802e-05
2.653017145348712802e-05
2.653017145348712802e-05
2.653017145348712802e-05
2.653017145348712802e-05
2.653017145348712802e-05
2.653017145348712802e-05
1.071737729944288731e-03
2.653017145348712802e-05
2.653017145348712802e-05
2.653017145348712802e-05
2.653017145348712802e-05
2.653017145348712802e-05
2.653017145348712802e-05
2.653017145348712802e-05
2.653017145348712802e-05
2.653017145348712802e-05
2.653017145348712802e-05
2.653017145348712802e-05
2.653017145348712802e-05
2.653017145348712802e-05
2.653017145348712802e-05
2.653017145348712802e-05
2.653017145348712802e-05
2.653017145348712802e-05
2.653017145348712802e-05
2.653017145348712802e-05
2.653017145348712802e-05
2.653017145348712802e-05
2.653017145348712802e-05
2.653017145348712802e-05
2.653017145348712802e-05
2.653017145348712802e-05
2.653017145348712802e-05
2.653017145348712802e-05
2.653017145348712802e-05
2.653017145348712802e-05
2.653017145348712802e-05
2.653017145348712802e-05
2.653017145348712802e-05
2.653017145348712802e-05
2.653017145348712802e-05
2.653017145348712802e-05
2.653017145348712802e-05
2.653017145348712802e-05
2.653017145348712802e-05
2.653017145348712802e-05
2.653017145348712802e-05
2.653017145348712802e-05
2.653017145348712802e-05
2.653017145348712802e-05
2.653017145348712802e-05
2.653017145348712802e-05
2.653017145348712802e-05
2.653017145348712802e-05
2.653017145348712802e-05
2.653017145348712802e-05
2.653017145348712802e-05
2.653017145348712802e-05
2.653017145348712802e-05
2.653017145348712802e-05
2.653017145348712802e-05
2.653017145348712802e-05
2.653017145348712802e-05
2.653017145348712802e-05
2.653017145348712802e-05
2.653017145348712802e-05
2.653017145348712802e-05
2.653017145348712802e-05
2.653017145348712802e-05
2.653017145348712802e-05
2.653017145348712802e-05
2.653017145348712802e-05
2.653017145348712802e-05
2.653017145348712802e-05
2.653017145348712802e-05
2.653017145348712802e-05
2.653017145348712802e-05
2.653017145348712802e-05
2.653017145348712802e-05
2.653017145348712802e-05
2.653017145348712802e-05
2.653017145348712802e-05
2.653017145348712802e-05
2.653017145348712802e-05
2.653017145348712802e-05
2.653017145348712802e-05
2.653017145348712802e-05
2.653017145348712802e-05
2.653017145348712802e-05
2.653017145348712802e-05
2.653017145348712802e-05
2.653017145348712802e-05
2.653017145348712802e-05
2.653017145348712802e-05
3.353118896484375000e-03
2.653017145348712802e-05
2.653017145348712802e-05
2.653017145348712802e-05
2.653017145348712802e-05
2.653017145348712802e-05
2.653017145348712802e-05
2.653017145348712802e-05
2.653017145348712802e-05
2.653017145348712802e-05
2.653017145348712802e-05
2.653017145348712802e-05
2.653017145348712802e-05
2.653017145348712802e-05
2.653017145348712802e-05
2.653017145348712802e-05
2.653017145348712802e-05
2.653017145348712802e-05
2.653017145348712802e-05
2.653017145348712802e-05
2.653017145348712802e-05
2.653017145348712802e-05
2.653017145348712802e-05
2.653017145348712802e-05
2.653017145348712802e-05
2.653017145348712802e-05
2.653017145348712802e-05
2.653017145348712802e-05
2.653017145348712802e-05
2.653017145348712802e-05
2.653017145348712802e-05
2.653017145348712802e-05
2.653017145348712802e-05
2.653017145348712802e-05
2.653017145348712802e-05
2.653017145348712802e-05
2.653017145348712802e-05
2.653017145348712802e-05
2.653017145348712802e-05
2.653017145348712802e-05
2.653017145348712802e-05
2.653017145348712802e-05
2.653017145348712802e-05
2.653017145348712802e-05
2.653017145348712802e-05
2.653017145348712802e-05
2.653017145348712802e-05
2.653017145348712802e-05
2.653017145348712802e-05
2.653017145348712802e-05
2.653017145348712802e-05
2.653017145348712802e-05
2.653017145348712802e-05
2.653017145348712802e-05
2.653017145348712802e-05
2.653017145348712802e-05
2.653017145348712802e-05
2.653017145348712802e-05
2.653017145348712802e-05
2.653017145348712802e-05
2.653017145348712802e-05
2.653017145348712802e-05
2.653017145348712802e-05
2.653017145348712802e-05
2.653017145348712802e-05
2.653017145348712802e-05
2.653017145348712802e-05
2.653017145348712802e-05
2.653017145348712802e-05
2.653017145348712802e-05
2.653017145348712802e-05
2.653017145348712802e-05
2.653017145348712802e-05
2.653017145348712802e-05
2.653017145348712802e-05
2.653017145348712802e-05
2.653017145348712802e-05
2.653017145348712802e-05
2.653017145348712802e-05
2.653017145348712802e-05
-1.975676859728991985e-04
2.653017145348712802e-05
2.653017145348712802e-05
2.653017145348712802e-05
2.653017145348712802e-05
2.653017145348712802e-05
2.653017145348712802e-05
2.653017145348712802e-05
2.653017145348712802e-05
9.935929119819775224e-05
2.653017145348712802e-05
2.653017145348712802e-05
2.653017145348712802e-05
2.653017145348712802e-05
2.653017145348712802e-05
2.653017145348712802e-05
2.653017145348712802e-05
2.653017145348712802e-05
2.653017145348712802e-05
2.653017145348712802e-05
2.653017145348712802e-05
2.653017145348712802e-05
1.430057454854249954e-05
2.653017145348712802e-05
2.653017145348712802e-05
-5.467558366945013404e-06
2.653017145348712802e-05
2.653017145348712802e-05
2.653017145348712802e-05
2.653017145348712802e-05
2.653017145348712802e-05
2.653017145348712802e-05
2.653017145348712802e-05
2.653017145348712802e-05
2.653017145348712802e-05
2.653017145348712802e-05
2.653017145348712802e-05
2.653017145348712802e-05
2.653017145348712802e-05
2.653017145348712802e-05
2.653017145348712802e-05
2.653017145348712802e-05
8.444741251878440380e-05
2.653017145348712802e-05
2.653017145348712802e-05
2.653017145348712802e-05
2.653017145348712802e-05
2.653017145348712802e-05
2.653017145348712802e-05
2.653017145348712802e-05
2.653017145348712802e-05
2.653017145348712802e-05
2.653017145348712802e-05
2.653017145348712802e-05
2.653017145348712802e-05
2.653017145348712802e-05
2.653017145348712802e-05
2.653017145348712802e-05
2.653017145348712802e-05
2.653017145348712802e-05
2.653017145348712802e-05
2.653017145348712802e-05
2.653017145348712802e-05
2.653017145348712802e-05
2.653017145348712802e-05
2.653017145348712802e-05
2.653017145348712802e-05
2.653017145348712802e-05
2.653017145348712802e-05
2.653017145348712802e-05
2.653017145348712802e-05
2.653017145348712802e-05
2.653017145348712802e-05
2.653017145348712802e-05
2.653017145348712802e-05
2.653017145348712802e-05
2.653017145348712802e-05
2.653017145348712802e-05
2.653017145348712802e-05
2.653017145348712802e-05
2.653017145348712802e-05
2.653017145348712802e-05
2.653017145348712802e-05
2.653017145348712802e-05
2.653017145348712802e-05
2.653017145348712802e-05
2.653017145348712802e-05
2.653017145348712802e-05
2.653017145348712802e-05
2.653017145348712802e-05
2.653017145348712802e-05
2.653017145348712802e-05
2.653017145348712802e-05
2.653017145348712802e-05
2.653017145348712802e-05
2.653017145348712802e-05
2.653017145348712802e-05
2.653017145348712802e-05
2.653017145348712802e-05
2.653017145348712802e-05
2.653017145348712802e-05
2.653017145348712802e-05
2.653017145348712802e-05
2.653017145348712802e-05
2.653017145348712802e-05
2.653017145348712802e-05
2.653017145348712802e-05
2.653017145348712802e-05
2.653017145348712802e-05
2.653017145348712802e-05
2.653017145348712802e-05
2.653017145348712802e-05
2.653017145348712802e-05
2.653017145348712802e-05
2.653017145348712802e-05
2.653017145348712802e-05
2.653017145348712802e-05
2.653017145348712802e-05
2.653017145348712802e-05
2.653017145348712802e-05
2.653017145348712802e-05
2.653017145348712802e-05
2.653017145348712802e-05
2.653017145348712802e-05
2.653017145348712802e-05
2.653017145348712802e-05
2.653017145348712802e-05
2.653017145348712802e-05
2.653017145348712802e-05
2.653017145348712802e-05
2.653017145348712802e-05
2.653017145348712802e-05
2.653017145348712802e-05
2.653017145348712802e-05
2.653017145348712802e-05
2.653017145348712802e-05
2.653017145348712802e-05
2.653017145348712802e-05
2.653017145348712802e-05
2.653017145348712802e-05
2.653017145348712802e-05
2.653017145348712802e-05
2.653017145348712802e-05
2.653017145348712802e-05
2.653017145348712802e-05
2.653017145348712802e-05
2.653017145348712802e-05
2.653017145348712802e-05
2.653017145348712802e-05
2.653017145348712802e-05
2.653017145348712802e-05
2.653017145348712802e-05
2.653017145348712802e-05
2.653017145348712802e-05
2.653017145348712802e-05
2.653017145348712802e-05
2.653017145348712802e-05
2.653017145348712802e-05
2.653017145348712802e-05
2.653017145348712802e-05
2.653017145348712802e-05
2.653017145348712802e-05
2.653017145348712802e-05
2.653017145348712802e-05
2.653017145348712802e-05
2.653017145348712802e-05
2.653017145348712802e-05
2.653017145348712802e-05
2.653017145348712802e-05
2.653017145348712802e-05
2.653017145348712802e-05
2.653017145348712802e-05
1.711069780867546797e-04
2.653017145348712802e-05
2.653017145348712802e-05
-2.104678787873126566e-05
2.653017145348712802e-05
2.653017145348712802e-05
2.653017145348712802e-05
2.653017145348712802e-05
2.653017145348712802e-05
2.653017145348712802e-05
2.653017145348712802e-05
2.653017145348712802e-05
2.653017145348712802e-05
2.653017145348712802e-05
2.653017145348712802e-05
2.653017145348712802e-05
4.480113275349140167e-04
2.653017145348712802e-05
2.653017145348712802e-05
2.653017145348712802e-05
-2.077196550089865923e-04
2.653017145348712802e-05
2.653017145348712802e-05
2.653017145348712802e-05
2.653017145348712802e-05
2.653017145348712802e-05
2.653017145348712802e-05
2.653017145348712802e-05
2.653017145348712802e-05
2.653017145348712802e-05
2.653017145348712802e-05
2.653017145348712802e-05
1.364453964924905449e-05
2.653017145348712802e-05
2.653017145348712802e-05
2.653017145348712802e-05
2.653017145348712802e-05
2.653017145348712802e-05
2.653017145348712802e-05
5.263337516225874424e-04
2.653017145348712802e-05
2.653017145348712802e-05
2.653017145348712802e-05
1.687270705588161945e-04
2.653017145348712802e-05
2.653017145348712802e-05
2.653017145348712802e-05
2.653017145348712802e-05
2.653017145348712802e-05
2.653017145348712802e-05
2.653017145348712802e-05
2.653017145348712802e-05
2.653017145348712802e-05
2.653017145348712802e-05
2.653017145348712802e-05
2.653017145348712802e-05
2.653017145348712802e-05
2.653017145348712802e-05
2.653017145348712802e-05
2.653017145348712802e-05
2.653017145348712802e-05
2.653017145348712802e-05
2.653017145348712802e-05
2.653017145348712802e-05
2.653017145348712802e-05
2.653017145348712802e-05
2.653017145348712802e-05
2.653017145348712802e-05
2.653017145348712802e-05
2.653017145348712802e-05
2.653017145348712802e-05
2.653017145348712802e-05
2.653017145348712802e-05
2.653017145348712802e-05
2.653017145348712802e-05
2.653017145348712802e-05
2.653017145348712802e-05
1.602114643901586533e-04
2.653017145348712802e-05
2.653017145348712802e-05
2.653017145348712802e-05
2.653017145348712802e-05
2.653017145348712802e-05
2.653017145348712802e-05
2.653017145348712802e-05
2.653017145348712802e-05
2.653017145348712802e-05
2.653017145348712802e-05
2.653017145348712802e-05
2.653017145348712802e-05
2.653017145348712802e-05
2.653017145348712802e-05
2.653017145348712802e-05
2.653017145348712802e-05
2.653017145348712802e-05
2.653017145348712802e-05
2.653017145348712802e-05
2.653017145348712802e-05
2.653017145348712802e-05
2.653017145348712802e-05
2.653017145348712802e-05
2.653017145348712802e-05
2.653017145348712802e-05
2.653017145348712802e-05
2.653017145348712802e-05
2.653017145348712802e-05
2.653017145348712802e-05
2.653017145348712802e-05
2.653017145348712802e-05
2.653017145348712802e-05
2.653017145348712802e-05
2.653017145348712802e-05
2.653017145348712802e-05
2.653017145348712802e-05
2.653017145348712802e-05
2.653017145348712802e-05
2.653017145348712802e-05
2.653017145348712802e-05
2.653017145348712802e-05
2.653017145348712802e-05
2.653017145348712802e-05
2.653017145348712802e-05
2.653017145348712802e-05
2.653017145348712802e-05
2.653017145348712802e-05
2.653017145348712802e-05
2.653017145348712802e-05
2.653017145348712802e-05
2.653017145348712802e-05
2.653017145348712802e-05
2.653017145348712802e-05
2.653017145348712802e-05
2.653017145348712802e-05
2.653017145348712802e-05
2.653017145348712802e-05
2.653017145348712802e-05
2.653017145348712802e-05
2.653017145348712802e-05
2.653017145348712802e-05
2.653017145348712802e-05
2.653017145348712802e-05
2.653017145348712802e-05
2.653017145348712802e-05
3.522881888784468174e-05
2.653017145348712802e-05
2.653017145348712802e-05
2.653017145348712802e-05
2.653017145348712802e-05
-1.698481210041791201e-04
2.653017145348712802e-05
2.653017145348712802e-05
1.340721501037478447e-04
2.653017145348712802e-05
2.653017145348712802e-05
2.653017145348712802e-05
-4.794776439666748047e-02
2.653017145348712802e-05
2.653017145348712802e-05
2.653017145348712802e-05
2.653017145348712802e-05
2.653017145348712802e-05
2.653017145348712802e-05
2.653017145348712802e-05
2.653017145348712802e-05
2.653017145348712802e-05
2.653017145348712802e-05
2.653017145348712802e-05
2.653017145348712802e-05
2.653017145348712802e-05
1.359583111479878426e-03
2.653017145348712802e-05
2.653017145348712802e-05
2.264194772578775883e-04
2.653017145348712802e-05
2.653017145348712802e-05
2.653017145348712802e-05
2.653017145348712802e-05
2.653017145348712802e-05
2.653017145348712802e-05
2.653017145348712802e-05
-5.678801680915057659e-04
2.653017145348712802e-05
2.653017145348712802e-05
2.653017145348712802e-05
2.653017145348712802e-05
2.653017145348712802e-05
2.653017145348712802e-05
2.653017145348712802e-05
2.653017145348712802e-05
2.653017145348712802e-05
2.653017145348712802e-05
2.653017145348712802e-05
2.653017145348712802e-05
-1.286154729314148426e-04
2.653017145348712802e-05
2.653017145348712802e-05
2.653017145348712802e-05
2.653017145348712802e-05
2.653017145348712802e-05
2.653017145348712802e-05
2.653017145348712802e-05
2.653017145348712802e-05
2.653017145348712802e-05
2.653017145348712802e-05
2.653017145348712802e-05
2.653017145348712802e-05
2.653017145348712802e-05
2.653017145348712802e-05
2.653017145348712802e-05
2.653017145348712802e-05
2.653017145348712802e-05
2.653017145348712802e-05
2.653017145348712802e-05
2.653017145348712802e-05
2.653017145348712802e-05
2.653017145348712802e-05
2.653017145348712802e-05
2.653017145348712802e-05
2.653017145348712802e-05
2.653017145348712802e-05
2.653017145348712802e-05
2.653017145348712802e-05
2.653017145348712802e-05
2.653017145348712802e-05
2.653017145348712802e-05
2.653017145348712802e-05
2.653017145348712802e-05
2.653017145348712802e-05
2.653017145348712802e-05
-4.259903653291985393e-05
2.653017145348712802e-05
2.653017145348712802e-05
2.653017145348712802e-05
2.653017145348712802e-05
2.653017145348712802e-05
2.653017145348712802e-05
2.653017145348712802e-05
2.653017145348712802e-05
2.653017145348712802e-05
2.653017145348712802e-05
2.653017145348712802e-05
2.653017145348712802e-05
2.653017145348712802e-05
2.653017145348712802e-05
2.653017145348712802e-05
2.653017145348712802e-05
2.653017145348712802e-05
5.456129554659128189e-03
2.653017145348712802e-05
2.653017145348712802e-05
2.653017145348712802e-05
2.653017145348712802e-05
2.653017145348712802e-05
2.653017145348712802e-05
2.653017145348712802e-05
2.653017145348712802e-05
2.653017145348712802e-05
2.653017145348712802e-05
2.653017145348712802e-05
2.653017145348712802e-05
2.653017145348712802e-05
2.653017145348712802e-05
2.653017145348712802e-05
2.653017145348712802e-05
2.653017145348712802e-05
2.653017145348712802e-05
2.653017145348712802e-05
2.653017145348712802e-05
2.653017145348712802e-05
-1.127202762290835381e-03
2.653017145348712802e-05
2.653017145348712802e-05
2.653017145348712802e-05
2.653017145348712802e-05
2.653017145348712802e-05
2.653017145348712802e-05
2.653017145348712802e-05
2.653017145348712802e-05
2.653017145348712802e-05
2.653017145348712802e-05
4.303681780584156513e-04
2.653017145348712802e-05
2.653017145348712802e-05
2.653017145348712802e-05
2.653017145348712802e-05
2.653017145348712802e-05
2.653017145348712802e-05
2.653017145348712802e-05
2.653017145348712802e-05
2.653017145348712802e-05
2.653017145348712802e-05
2.653017145348712802e-05
2.653017145348712802e-05
2.653017145348712802e-05
2.653017145348712802e-05
2.653017145348712802e-05
2.653017145348712802e-05
2.653017145348712802e-05
2.653017145348712802e-05
2.653017145348712802e-05
1.927320772665552795e-05
2.653017145348712802e-05
2.653017145348712802e-05
2.653017145348712802e-05
2.653017145348712802e-05
2.653017145348712802e-05
2.653017145348712802e-05
2.653017145348712802e-05
2.653017145348712802e-05
2.653017145348712802e-05
2.653017145348712802e-05
2.653017145348712802e-05
2.653017145348712802e-05
-5.499373946804553270e-05
2.653017145348712802e-05
2.653017145348712802e-05
2.653017145348712802e-05
2.653017145348712802e-05
2.653017145348712802e-05
2.653017145348712802e-05
2.653017145348712802e-05
2.653017145348712802e-05
-6.998267956078052521e-03
2.653017145348712802e-05
-4.214170912746340036e-04
2.653017145348712802e-05
2.653017145348712802e-05
2.653017145348712802e-05
7.512949377996847034e-05
2.653017145348712802e-05
2.653017145348712802e-05
2.653017145348712802e-05
2.653017145348712802e-05
2.653017145348712802e-05
2.653017145348712802e-05
2.653017145348712802e-05
2.653017145348712802e-05
2.653017145348712802e-05
2.653017145348712802e-05
2.653017145348712802e-05
2.653017145348712802e-05
2.653017145348712802e-05
2.653017145348712802e-05
2.653017145348712802e-05
2.653017145348712802e-05
2.653017145348712802e-05
2.653017145348712802e-05
2.653017145348712802e-05
2.653017145348712802e-05
2.653017145348712802e-05
2.653017145348712802e-05
2.653017145348712802e-05
2.653017145348712802e-05
2.653017145348712802e-05
2.653017145348712802e-05
2.653017145348712802e-05
2.653017145348712802e-05
2.653017145348712802e-05
2.653017145348712802e-05
2.653017145348712802e-05
2.653017145348712802e-05
2.653017145348712802e-05
2.653017145348712802e-05
2.653017145348712802e-05
2.653017145348712802e-05
2.653017145348712802e-05
2.653017145348712802e-05
2.653017145348712802e-05
2.653017145348712802e-05
2.653017145348712802e-05
2.653017145348712802e-05
2.653017145348712802e-05
2.653017145348712802e-05
2.653017145348712802e-05
2.653017145348712802e-05
2.653017145348712802e-05
2.653017145348712802e-05
2.653017145348712802e-05
2.653017145348712802e-05
2.653017145348712802e-05
2.653017145348712802e-05
2.653017145348712802e-05
2.653017145348712802e-05
2.653017145348712802e-05
2.653017145348712802e-05
2.653017145348712802e-05
2.653017145348712802e-05
2.653017145348712802e-05
2.653017145348712802e-05
2.653017145348712802e-05
2.653017145348712802e-05
2.653017145348712802e-05
2.653017145348712802e-05
2.653017145348712802e-05
2.653017145348712802e-05
2.653017145348712802e-05
2.653017145348712802e-05
2.653017145348712802e-05
2.653017145348712802e-05
2.653017145348712802e-05
2.653017145348712802e-05
2.653017145348712802e-05
2.653017145348712802e-05
2.653017145348712802e-05
2.653017145348712802e-05
2.653017145348712802e-05
2.653017145348712802e-05
2.653017145348712802e-05
2.653017145348712802e-05
2.653017145348712802e-05
2.653017145348712802e-05
2.653017145348712802e-05
2.653017145348712802e-05
2.653017145348712802e-05
2.653017145348712802e-05
2.653017145348712802e-05
2.653017145348712802e-05
2.653017145348712802e-05
2.653017145348712802e-05
2.653017145348712802e-05
2.653017145348712802e-05
2.653017145348712802e-05
2.653017145348712802e-05
2.653017145348712802e-05
2.653017145348712802e-05
2.653017145348712802e-05
2.653017145348712802e-05
2.653017145348712802e-05
2.018799539655447006e-03
2.653017145348712802e-05
2.653017145348712802e-05
2.653017145348712802e-05
2.653017145348712802e-05
2.653017145348712802e-05
2.653017145348712802e-05
2.653017145348712802e-05
2.653017145348712802e-05
6.927856156835332513e-05
2.653017145348712802e-05
2.653017145348712802e-05
2.653017145348712802e-05
2.653017145348712802e-05
2.653017145348712802e-05
2.653017145348712802e-05
2.653017145348712802e-05
-3.359238689881749451e-06
3.743836714420467615e-06
2.653017145348712802e-05
2.653017145348712802e-05
2.653017145348712802e-05
2.653017145348712802e-05
2.653017145348712802e-05
2.653017145348712802e-05
2.653017145348712802e-05
2.653017145348712802e-05
2.653017145348712802e-05
2.653017145348712802e-05
2.653017145348712802e-05
-8.114991942420601845e-06
2.653017145348712802e-05
2.653017145348712802e-05
2.653017145348712802e-05
2.653017145348712802e-05
2.653017145348712802e-05
2.653017145348712802e-05
2.653017145348712802e-05
2.653017145348712802e-05
2.653017145348712802e-05
2.653017145348712802e-05
2.653017145348712802e-05
2.653017145348712802e-05
2.653017145348712802e-05
2.653017145348712802e-05
2.653017145348712802e-05
2.653017145348712802e-05
2.653017145348712802e-05
2.653017145348712802e-05
2.653017145348712802e-05
2.653017145348712802e-05
2.653017145348712802e-05
2.653017145348712802e-05
2.653017145348712802e-05
2.653017145348712802e-05
2.653017145348712802e-05
2.653017145348712802e-05
2.653017145348712802e-05
2.653017145348712802e-05
2.653017145348712802e-05
2.653017145348712802e-05
2.653017145348712802e-05
2.653017145348712802e-05
2.653017145348712802e-05
2.653017145348712802e-05
2.653017145348712802e-05
2.653017145348712802e-05
2.653017145348712802e-05
2.653017145348712802e-05
2.653017145348712802e-05
2.653017145348712802e-05
2.653017145348712802e-05
2.653017145348712802e-05
2.653017145348712802e-05
2.653017145348712802e-05
2.653017145348712802e-05
2.653017145348712802e-05
2.653017145348712802e-05
2.653017145348712802e-05
2.653017145348712802e-05
2.653017145348712802e-05
2.653017145348712802e-05
2.653017145348712802e-05
2.653017145348712802e-05
2.653017145348712802e-05
2.653017145348712802e-05
2.653017145348712802e-05
2.653017145348712802e-05
2.653017145348712802e-05
2.653017145348712802e-05
2.653017145348712802e-05
2.653017145348712802e-05
2.653017145348712802e-05
2.653017145348712802e-05
2.653017145348712802e-05
2.653017145348712802e-05
2.653017145348712802e-05
2.653017145348712802e-05
2.653017145348712802e-05
2.653017145348712802e-05
2.653017145348712802e-05
2.653017145348712802e-05
2.653017145348712802e-05
2.653017145348712802e-05
2.653017145348712802e-05
2.653017145348712802e-05
2.653017145348712802e-05
2.653017145348712802e-05
2.653017145348712802e-05
2.653017145348712802e-05
2.653017145348712802e-05
2.653017145348712802e-05
2.653017145348712802e-05
2.653017145348712802e-05
2.653017145348712802e-05
2.653017145348712802e-05
2.653017145348712802e-05
2.653017145348712802e-05
2.653017145348712802e-05
2.653017145348712802e-05
2.653017145348712802e-05
2.653017145348712802e-05
2.653017145348712802e-05
2.653017145348712802e-05
2.653017145348712802e-05
2.653017145348712802e-05
2.653017145348712802e-05
2.653017145348712802e-05
2.653017145348712802e-05
2.653017145348712802e-05
2.653017145348712802e-05
2.653017145348712802e-05
2.653017145348712802e-05
2.653017145348712802e-05
2.653017145348712802e-05
2.653017145348712802e-05
2.653017145348712802e-05
2.653017145348712802e-05
2.653017145348712802e-05
2.653017145348712802e-05
2.653017145348712802e-05
2.653017145348712802e-05
2.653017145348712802e-05
2.653017145348712802e-05
2.653017145348712802e-05
2.653017145348712802e-05
2.653017145348712802e-05
2.653017145348712802e-05
2.653017145348712802e-05
2.653017145348712802e-05
2.653017145348712802e-05
2.653017145348712802e-05
2.653017145348712802e-05
2.653017145348712802e-05
2.653017145348712802e-05
2.653017145348712802e-05
2.653017145348712802e-05
2.653017145348712802e-05
2.653017145348712802e-05
2.653017145348712802e-05
2.653017145348712802e-05
2.653017145348712802e-05
2.653017145348712802e-05
-6.202829536050558090e-05
2.653017145348712802e-05
2.653017145348712802e-05
2.653017145348712802e-05
2.653017145348712802e-05
2.653017145348712802e-05
2.653017145348712802e-05
2.653017145348712802e-05
2.653017145348712802e-05
2.653017145348712802e-05
2.653017145348712802e-05
2.653017145348712802e-05
2.653017145348712802e-05
4.078574129380285740e-04
2.653017145348712802e-05
2.653017145348712802e-05
2.653017145348712802e-05
2.653017145348712802e-05
2.653017145348712802e-05
2.653017145348712802e-05
2.653017145348712802e-05
2.653017145348712802e-05
2.653017145348712802e-05
2.653017145348712802e-05
2.653017145348712802e-05
2.653017145348712802e-05
2.653017145348712802e-05
2.653017145348712802e-05
2.653017145348712802e-05
2.653017145348712802e-05
2.653017145348712802e-05
2.653017145348712802e-05
2.653017145348712802e-05
2.653017145348712802e-05
2.653017145348712802e-05
2.653017145348712802e-05
2.653017145348712802e-05
2.653017145348712802e-05
2.653017145348712802e-05
2.653017145348712802e-05
2.653017145348712802e-05
2.653017145348712802e-05
2.653017145348712802e-05
2.653017145348712802e-05
2.653017145348712802e-05
2.653017145348712802e-05
2.653017145348712802e-05
2.653017145348712802e-05
2.653017145348712802e-05
2.404655097052454948e-03
-4.511406586971133947e-04
2.653017145348712802e-05
2.653017145348712802e-05
2.653017145348712802e-05
2.653017145348712802e-05
2.653017145348712802e-05
2.653017145348712802e-05
2.653017145348712802e-05
2.653017145348712802e-05
2.653017145348712802e-05
2.653017145348712802e-05
2.653017145348712802e-05
2.653017145348712802e-05
2.653017145348712802e-05
2.653017145348712802e-05
2.653017145348712802e-05
2.653017145348712802e-05
2.653017145348712802e-05
2.653017145348712802e-05
2.653017145348712802e-05
2.653017145348712802e-05
2.653017145348712802e-05
2.653017145348712802e-05
3.251879010349512100e-03
2.653017145348712802e-05
2.653017145348712802e-05
2.653017145348712802e-05
2.653017145348712802e-05
2.653017145348712802e-05
2.653017145348712802e-05
2.653017145348712802e-05
2.653017145348712802e-05
2.653017145348712802e-05
2.653017145348712802e-05
2.653017145348712802e-05
2.653017145348712802e-05
2.653017145348712802e-05
2.653017145348712802e-05
2.653017145348712802e-05
2.653017145348712802e-05
2.653017145348712802e-05
2.653017145348712802e-05
2.653017145348712802e-05
2.653017145348712802e-05
2.653017145348712802e-05
2.653017145348712802e-05
2.653017145348712802e-05
2.653017145348712802e-05
2.653017145348712802e-05
2.653017145348712802e-05
2.653017145348712802e-05
9.109706297749653459e-06
2.653017145348712802e-05
2.653017145348712802e-05
2.653017145348712802e-05
2.653017145348712802e-05
2.653017145348712802e-05
2.653017145348712802e-05
2.653017145348712802e-05
2.653017145348712802e-05
2.653017145348712802e-05
2.653017145348712802e-05
2.653017145348712802e-05
2.653017145348712802e-05
2.653017145348712802e-05
2.653017145348712802e-05
2.653017145348712802e-05
2.653017145348712802e-05
2.653017145348712802e-05
2.653017145348712802e-05
2.653017145348712802e-05
2.653017145348712802e-05
2.653017145348712802e-05
2.653017145348712802e-05
2.653017145348712802e-05
2.653017145348712802e-05
2.653017145348712802e-05
1.201843624585308135e-04
2.653017145348712802e-05
2.653017145348712802e-05
2.653017145348712802e-05
2.653017145348712802e-05
4.714221722679212689e-05
2.653017145348712802e-05
2.653017145348712802e-05
2.653017145348712802e-05
2.653017145348712802e-05
2.653017145348712802e-05
2.653017145348712802e-05
2.653017145348712802e-05
2.653017145348712802e-05
2.653017145348712802e-05
2.653017145348712802e-05
2.653017145348712802e-05
2.653017145348712802e-05
2.653017145348712802e-05
2.653017145348712802e-05
2.653017145348712802e-05
2.653017145348712802e-05
2.653017145348712802e-05
2.653017145348712802e-05
2.653017145348712802e-05
2.653017145348712802e-05
2.653017145348712802e-05
2.653017145348712802e-05
